New	derenko
Population,Size,A2,A,A5,A8,B4,B5,C,C1,C4,C5,D2,D3,D4,D5,F1,F2a,G,G1,G2a,G3,M,M3a,M7,M8a2,M9a,M10,M11,M13a,Y,Z,N9a,R,R9,R11,L2a,H,HV,HV0a,V,R0a,R2,J1,J2,T,T1,N1,I,W,N2,U1,U2,U3,U4,U5,U7a,U8,K,X2e
Persians,82,0.0,0.024,0.0,0.0,0.049,0.012,0.0,0.0,0.012,0.0,0.0,0.0,0.012,0.012,0.0,0.0,0.0,0.0,0.012,0.0,0.073,0.024,0.0,0.0,0.0,0.0,0.0,0.0,0.0,0.0,0.0,0.0,0.0,0.0,0.012,0.26,0.037,0.0,0.0,0.024,0.012,0.037,0.012,0.049,0.085,0.012,0.037,0.024,0.012,0.012,0.012,0.024,0.0,0.049,0.012,0.012,0.037,0.0
Kurds,25,0.0,0.0,0.0,0.0,0.0,0.0,0.0,0.0,0.0,0.0,0.0,0.0,0.12,0.0,0.0,0.0,0.0,0.0,0.0,0.0,0.0,0.0,0.0,0.0,0.0,0.0,0.0,0.0,0.0,0.0,0.0,0.0,0.0,0.0,0.0,0.12,0.08,0.0,0.0,0.0,0.0,0.12,0.08,0.04,0.08,0.0,0.0,0.0,0.0,0.12,0.0,0.0,0.0,0.0,0.16,0.04,0.0,0.04
Tajiks,44,0.0,0.023,0.0,0.0,0.0,0.0,0.091,0.0,0.023,0.0,0.0,0.0,0.045,0.023,0.0,0.0,0.0,0.0,0.023,0.023,0.023,0.0,0.0,0.0,0.0,0.023,0.0,0.0,0.023,0.023,0.0,0.0,0.0,0.0,0.0,0.25,0.0,0.023,0.0,0.0,0.0,0.023,0.023,0.0,0.023,0.023,0.023,0.045,0.0,0.0,0.023,0.023,0.068,0.0,0.045,0.0,0.068,0.0
Koreans,103,0.0,0.029,0.039,0.0,0.13,0.078,0.01,0.0,0.0,0.0,0.0,0.0,0.32,0.078,0.049,0.0,0.0,0.019,0.029,0.019,0.0,0.0,0.097,0.049,0.019,0.0,0.0,0.0,0.01,0.0,0.029,0.0,0.0,0.0,0.0,0.0,0.0,0.0,0.0,0.0,0.0,0.0,0.0,0.0,0.0,0.0,0.0,0.0,0.0,0.0,0.0,0.0,0.0,0.0,0.0,0.0,0.0,0.0
Mongolians,47,0.0,0.13,0.0,0.0,0.11,0.043,0.064,0.0,0.085,0.021,0.0,0.0,0.11,0.0,0.064,0.0,0.0,0.021,0.085,0.0,0.021,0.0,0.021,0.043,0.021,0.021,0.0,0.0,0.0,0.021,0.021,0.0,0.0,0.0,0.0,0.0,0.0,0.0,0.0,0.0,0.0,0.0,0.0,0.0,0.0,0.021,0.0,0.0,0.0,0.0,0.0,0.0,0.064,0.0,0.0,0.0,0.021,0.0
Kalmyks,110,0.0,0.027,0.0,0.009,0.027,0.009,0.018,0.009,0.055,0.027,0.018,0.0,0.22,0.055,0.055,0.0,0.009,0.009,0.064,0.0,0.0,0.009,0.018,0.0,0.027,0.009,0.0,0.0,0.018,0.018,0.045,0.009,0.0,0.0,0.0,0.036,0.055,0.0,0.0,0.0,0.0,0.009,0.027,0.009,0.009,0.0,0.009,0.0,0.0,0.0,0.018,0.0,0.018,0.009,0.009,0.0,0.027,0.0
Buryats,295,0.0,0.044,0.003,0.003,0.031,0.003,0.051,0.01,0.058,0.047,0.007,0.024,0.29,0.027,0.024,0.007,0.0,0.0,0.11,0.003,0.0,0.0,0.034,0.0,0.003,0.0,0.003,0.01,0.014,0.014,0.017,0.0,0.003,0.0,0.0,0.068,0.01,0.0,0.0,0.0,0.0,0.007,0.0,0.003,0.007,0.007,0.003,0.0,0.0,0.003,0.0,0.0,0.01,0.02,0.0,0.007,0.014,0.003
Khamnigans,99,0.0,0.04,0.01,0.0,0.051,0.02,0.04,0.0,0.071,0.051,0.01,0.051,0.25,0.02,0.04,0.0,0.0,0.0,0.091,0.01,0.0,0.0,0.03,0.0,0.01,0.0,0.0,0.01,0.03,0.0,0.01,0.0,0.01,0.0,0.0,0.061,0.02,0.0,0.0,0.0,0.0,0.01,0.0,0.01,0.0,0.0,0.0,0.0,0.0,0.0,0.0,0.0,0.0,0.02,0.0,0.0,0.02,0.0
Tuvinians,105,0.0,0.01,0.0,0.0,0.019,0.0,0.21,0.0,0.18,0.11,0.029,0.01,0.086,0.029,0.076,0.01,0.0,0.019,0.038,0.01,0.0,0.0,0.0,0.0,0.01,0.0,0.0,0.0,0.0,0.01,0.019,0.0,0.0,0.0,0.0,0.038,0.01,0.0,0.0,0.0,0.0,0.0,0.0,0.0,0.0,0.0,0.029,0.0,0.0,0.0,0.0,0.019,0.01,0.019,0.0,0.0,0.0,0.0
EastEvenks,45,0.0,0.022,0.0,0.0,0.0,0.0,0.11,0.0,0.27,0.24,0.022,0.13,0.089,0.0,0.0,0.0,0.0,0.0,0.0,0.022,0.0,0.0,0.0,0.0,0.0,0.0,0.0,0.0,0.089,0.0,0.0,0.0,0.0,0.0,0.0,0.0,0.0,0.0,0.0,0.0,0.0,0.0,0.0,0.0,0.0,0.0,0.0,0.0,0.0,0.0,0.0,0.0,0.0,0.0,0.0,0.0,0.0,0.0
WestEvenks,73,0.0,0.041,0.0,0.0,0.041,0.0,0.096,0.0,0.32,0.068,0.0,0.055,0.18,0.068,0.014,0.0,0.0,0.014,0.027,0.0,0.0,0.0,0.0,0.0,0.0,0.0,0.0,0.0,0.027,0.014,0.0,0.0,0.0,0.0,0.0,0.014,0.0,0.0,0.0,0.0,0.0,0.0,0.0,0.0,0.0,0.0,0.0,0.0,0.0,0.0,0.0,0.0,0.0,0.0,0.0,0.0,0.027,0.0
Yakuts,36,0.0,0.0,0.0,0.0,0.028,0.0,0.17,0.0,0.36,0.11,0.028,0.028,0.14,0.028,0.0,0.0,0.0,0.0,0.028,0.0,0.0,0.0,0.0,0.0,0.0,0.0,0.0,0.0,0.0,0.0,0.0,0.0,0.0,0.0,0.0,0.028,0.0,0.0,0.0,0.0,0.0,0.056,0.0,0.0,0.0,0.0,0.0,0.0,0.0,0.0,0.0,0.0,0.0,0.0,0.0,0.0,0.0,0.0
Shors,82,0.0,0.012,0.0,0.0,0.049,0.0,0.024,0.0,0.085,0.012,0.0,0.0,0.11,0.012,0.4,0.012,0.0,0.0,0.0,0.0,0.0,0.0,0.0,0.0,0.0,0.037,0.0,0.0,0.0,0.012,0.0,0.0,0.0,0.0,0.0,0.11,0.0,0.0,0.0,0.0,0.0,0.061,0.0,0.0,0.0,0.0,0.024,0.0,0.0,0.0,0.0,0.0,0.024,0.0,0.0,0.0,0.012,0.0
Khakassians,57,0.0,0.035,0.0,0.0,0.088,0.0,0.053,0.0,0.14,0.0,0.0,0.0,0.16,0.0,0.19,0.053,0.0,0.0,0.0,0.018,0.0,0.0,0.0,0.035,0.0,0.0,0.0,0.0,0.0,0.0,0.0,0.0,0.0,0.0,0.0,0.07,0.0,0.0,0.018,0.0,0.0,0.035,0.018,0.0,0.053,0.0,0.0,0.0,0.0,0.0,0.0,0.0,0.018,0.018,0.0,0.0,0.0,0.0
Altaians-Kizhi,90,0.0,0.033,0.0,0.0,0.033,0.011,0.1,0.0,0.13,0.089,0.0,0.022,0.067,0.0,0.033,0.022,0.0,0.044,0.011,0.0,0.0,0.0,0.0,0.044,0.0,0.011,0.022,0.0,0.0,0.022,0.0,0.0,0.0,0.011,0.0,0.056,0.0,0.0,0.0,0.0,0.0,0.056,0.0,0.0,0.0,0.0,0.011,0.0,0.0,0.0,0.0,0.022,0.022,0.011,0.0,0.0,0.067,0.044
Teleuts,53,0.0,0.0,0.0,0.0,0.038,0.0,0.15,0.0,0.057,0.075,0.0,0.0,0.23,0.019,0.057,0.0,0.0,0.0,0.0,0.0,0.0,0.0,0.0,0.0,0.0,0.0,0.038,0.0,0.0,0.057,0.0,0.0,0.0,0.0,0.0,0.075,0.0,0.0,0.057,0.0,0.0,0.0,0.0,0.0,0.057,0.0,0.0,0.0,0.0,0.0,0.038,0.0,0.019,0.0,0.0,0.0,0.019,0.019
Telenghits,71,0.0,0.056,0.0,0.0,0.11,0.0,0.11,0.0,0.028,0.028,0.0,0.0,0.21,0.0,0.014,0.0,0.0,0.0,0.028,0.0,0.014,0.0,0.014,0.0,0.0,0.0,0.014,0.0,0.0,0.0,0.014,0.0,0.042,0.0,0.0,0.11,0.014,0.0,0.0,0.0,0.0,0.028,0.0,0.014,0.042,0.014,0.014,0.0,0.0,0.0,0.028,0.0,0.014,0.014,0.0,0.014,0.0,0.0
Chukchi,15,0.73,0.0,0.0,0.0,0.0,0.0,0.0,0.0,0.0,0.0,0.13,0.0,0.0,0.0,0.0,0.0,0.0,0.067,0.0,0.0,0.0,0.0,0.0,0.0,0.0,0.0,0.0,0.0,0.0,0.0,0.0,0.0,0.0,0.0,0.0,0.0,0.0,0.0,0.0,0.0,0.0,0.0,0.0,0.0,0.067,0.0,0.0,0.0,0.0,0.0,0.0,0.0,0.0,0.0,0.0,0.0,0.0,0.0
New	federova
Population,Size,A,B,C,D,G,F,M,J,T,U,H,Others
Yakuts,191.0,0.021,0.005,0.44,0.304,0.042,0.063,0.026,0.011,0.011,0.011,0.026,0.04
Chuvash,55.0,0.018,0.0,0.018,0.036,0.0,0.0,0.018,0.055,0.037,0.364,0.255,0.199
Tatars,174.0,0.023,0.0,0.017,0.029,0.012,0.0,0.023,0.081,0.081,0.247,0.316,0.171
Bashkirs,211.0,0.043,0.0,0.128,0.081,0.047,0.062,0.01,0.033,0.052,0.275,0.142,0.127
Uighurs,55.0,0.073,0.073,0.018,0.164,0.0,0.073,0.073,0.0,0.018,0.164,0.2,0.144
Kazakhs,52.0,0.096,0.058,0.077,0.192,0.058,0.019,0.058,0.0,0.077,0.057,0.154,0.154
Kyrgyz,92.0,0.033,0.065,0.141,0.196,0.076,0.033,0.065,0.054,0.033,0.033,0.185,0.086
Soyots,34.0,0.088,0.029,0.176,0.5,0.0,0.0,0.0,0.0,0.0,0.059,0.0,0.148
Itelmen,66.0,0.682,0.0,0.106,0.121,0.091,0.0,0.0,0.0,0.0,0.0,0.0,0.0
Chukchi,79.0,0.772,0.0,0.025,0.203,0.0,0.0,0.0,0.0,0.0,0.0,0.0,0.0
Eskimo,51.0,0.039,0.0,0.843,0.098,0.0,0.02,0.0,0.0,0.0,0.0,0.0,0.0
Evenks,65.0,0.046,0.0,0.262,0.154,0.0,0.015,0.0,0.0,0.0,0.0,0.0,0.523
New	helgason
Population,Size,A,B,C,D,H,H1,H3,H4,H5,H8,I,J,J1,J1,J1b,J1b1,J2,K,K1,K2,K2a,K2b,T,T1,T2,T3,U,U1,U2,U3,U4,U5,U5a,U5a1,U5b,U5b1,U6,U7,V,W,X,Z,Other
Austria/Switzerland,187,0.0,0.0,0.0,0.0,0.4706,0.0374,0.0053,0.016,0.0107,0.0,0.0214,0.0535,0.016,0.0321,0.0,0.0,0.0,0.0214,0.0,0.0588,0.0,0.0107,0.0481,0.0107,0.0053,0.0,0.0,0.0053,0.0107,0.0053,0.0374,0.0053,0.0588,0.0053,0.0053,0.0,0.0,0.0,0.0267,0.016,0.0053,0.0,0.0
EuropeanRussia,215,0.0,0.0,0.0186,0.0186,0.3349,0.0558,0.0,0.0,0.0,0.0326,0.014,0.0651,0.0,0.0,0.0047,0.0,0.0093,0.0186,0.0,0.0093,0.0,0.0,0.0465,0.0372,0.0186,0.0,0.0,0.0047,0.0,0.0047,0.0837,0.0,0.0791,0.0093,0.0233,0.0279,0.0,0.0,0.0419,0.0233,0.0,0.0047,0.014
Germany,527,0.0,0.0,0.0019,0.0038,0.3833,0.0436,0.0114,0.0152,0.0076,0.0285,0.0228,0.0683,0.0076,0.0133,0.0,0.0019,0.0019,0.0569,0.0019,0.0076,0.0,0.0,0.0626,0.0247,0.0019,0.0019,0.0019,0.0038,0.0057,0.0114,0.0266,0.0019,0.0493,0.0019,0.038,0.0,0.0,0.0,0.0512,0.0209,0.0076,0.0,0.0114
Iceland,467,0.0,0.0,0.0043,0.0,0.2827,0.0835,0.0043,0.0964,0.0043,0.0043,0.0471,0.0685,0.0,0.0043,0.0,0.0557,0.0128,0.0493,0.0236,0.0043,0.0,0.0,0.0214,0.0043,0.0257,0.0493,0.0021,0.0,0.0,0.0,0.0214,0.0043,0.0557,0.0,0.0343,0.0,0.0,0.0,0.0171,0.0021,0.015,0.0021,0.0
Ireland,128,0.0,0.0,0.0,0.0,0.4141,0.0234,0.0156,0.0234,0.0,0.0,0.0234,0.1172,0.0,0.0078,0.0,0.0078,0.0078,0.0547,0.0078,0.0078,0.0078,0.0,0.0703,0.0234,0.0,0.0,0.0,0.0,0.0078,0.0,0.0234,0.0078,0.0469,0.0,0.0078,0.0,0.0,0.0,0.0703,0.0234,0.0,0.0,0.0
Orkney,152,0.0,0.0,0.0,0.0,0.4079,0.0658,0.0,0.0066,0.0,0.0263,0.0329,0.0789,0.0,0.0,0.0,0.0197,0.0,0.0526,0.0132,0.0,0.0,0.0,0.0263,0.0329,0.0,0.0,0.0,0.0,0.0,0.0,0.0066,0.0263,0.0592,0.0132,0.0197,0.0,0.0,0.0,0.0132,0.0197,0.0724,0.0,0.0066
Scandinavia,645,0.0016,0.0,0.0,0.0016,0.3969,0.0341,0.0062,0.0233,0.0062,0.0186,0.0186,0.0682,0.0047,0.0155,0.0,0.014,0.0,0.0403,0.0047,0.0016,0.0031,0.0,0.0651,0.014,0.0093,0.0,0.0,0.0016,0.0016,0.0078,0.0217,0.0171,0.0682,0.0047,0.0171,0.0233,0.0,0.0,0.0574,0.0155,0.0062,0.0062,0.0047
Scotland,891,0.0,0.0011,0.0,0.0,0.3838,0.0303,0.0056,0.0123,0.0011,0.0236,0.0438,0.0864,0.0056,0.0045,0.0011,0.0348,0.0112,0.037,0.0079,0.0101,0.0056,0.0056,0.0763,0.0224,0.0022,0.0,0.0,0.0,0.0079,0.0123,0.0247,0.0112,0.0505,0.0,0.0101,0.0,0.0,0.0011,0.0426,0.009,0.0168,0.0,0.0011
Bulgaria/Turkey,102,0.0,0.0,0.0196,0.049,0.3137,0.0196,0.0,0.0392,0.0,0.0098,0.0196,0.0588,0.049,0.0,0.0098,0.0,0.0294,0.049,0.0,0.0098,0.0,0.0,0.049,0.049,0.0,0.0,0.0,0.0,0.0,0.0588,0.0392,0.0098,0.0098,0.0,0.0,0.0,0.0,0.0,0.0,0.0392,0.0392,0.0,0.0294
Spain/Portugal,352,0.0085,0.0,0.0114,0.0028,0.5028,0.0256,0.0,0.0341,0.0199,0.0028,0.0057,0.0369,0.0028,0.0057,0.0057,0.0,0.0085,0.0313,0.0,0.0114,0.0,0.0028,0.0455,0.0114,0.0028,0.0,0.0,0.0028,0.0028,0.0057,0.0199,0.0057,0.0455,0.0,0.0085,0.0,0.0142,0.0,0.0597,0.0199,0.017,0.0,0.0199
England/Wales,429,0.0023,0.0,0.0,0.0,0.4079,0.0443,0.0093,0.0303,0.0163,0.014,0.0303,0.1072,0.0047,0.0163,0.0,0.014,0.0023,0.0513,0.0023,0.0047,0.0,0.0023,0.0536,0.021,0.0023,0.0,0.0,0.0,0.007,0.007,0.0163,0.0093,0.035,0.007,0.014,0.0,0.0,0.0,0.0373,0.0163,0.0093,0.0,0.0047
WesternIsles/Isleof Skye,246,0.0041,0.0,0.0,0.0,0.2724,0.0122,0.0122,0.0325,0.0,0.0163,0.065,0.1057,0.0122,0.0,0.0,0.0122,0.0163,0.0854,0.0081,0.0041,0.0122,0.0244,0.0894,0.0325,0.0041,0.0,0.0,0.0203,0.0041,0.0244,0.0041,0.0244,0.0488,0.0,0.0081,0.0,0.0,0.0,0.0203,0.0041,0.0203,0.0,0.0
Saami,176,0.0,0.0,0.0,0.0511,0.017,0.0114,0.0,0.0,0.0,0.0284,0.0,0.0,0.0,0.0,0.0,0.0,0.0,0.0,0.0,0.0,0.0,0.0,0.0,0.0,0.0,0.0,0.0,0.0,0.0,0.0,0.0,0.0,0.0057,0.0057,0.017,0.4261,0.0,0.0,0.3977,0.0057,0.0,0.0341,0.0
New	tanaka
Population,Size,L2,L3,N,A1,A1a,A1,A1,A2a,A2b,N9a,N9b,Y,HV,JT,U,R9,R11,B,B4,B4a,B4a1,B4a2,B4a3,B4b,B4b1,B4c1,B4c1b,B4c2,B4f,B5,B5a,B5a1,B5b,B5b1,B5b2,B5b3,F,F1a,F1a1,F1b,F1c,F2,F2a,F2a,F3,F4,F4b,M,M,M,M7a,M7a1,M7b,M7b1,M7b2,M7c,M8,M8a,M8a2,C,C1,C4a,C5,Z,G,G1a,G2a,G2a1,G,M9,M9a,M10,M12,D,D4,D4a,D4a1,D4b,D4d,D4k,D4n,D5,D5a
Japanese, 1312,0,0.013,0,0,0.0213,0.0457,0.0015,0,0,0.0457,0.0213,0.0038,0.0091,0,0,0.0008,0,0.013,0.0076,0.0084,0.0084,0,0,0.0053,0.0213,0.016,0.0061,0.0008,0.003,0,0,0.0061,0.003,0.0099,0.0229,0.0008,0.0023,0.0015,0.0152,0.0313,0,0,0.0015,0.0008,0.0008,0,0,0.0038,0,0.0046,0.0739,0.0008,0,0.0008,0.0473,0.0076,0.0015,0.0122,0,0,0.003,0.0008,0.0008,0.013,0.0053,0.0213,0.0168,0.0252,0,0,0.0244,0.013,0.0008,0.0008,0.189,0.0739,0.0053,0.0236,0.0267,0.0015,0.0061,0.0373,0.0107
Ryukyuan, 50,0,0.18,0,0,0,0.02,0,0,0,0,0.02,0,0.04,0,0,0,0,0,0.02,0,0.02,0,0,0,0.02,0,0,0,0.04,0,0,0,0.02,0,0,0,0,0,0,0.02,0,0,0,0,0,0,0,0.02,0,0,0.12,0.14,0,0,0.08,0.02,0,0,0,0,0,0,0,0,0,0,0.04,0,0,0,0.04,0,0,0,0.02,0,0.04,0.06,0,0,0,0.02,0
Ainu, 51,0,0.0196,0,0,0,0.0392,0,0,0,0,0.02,0.216,0,0,0,0,0,0,0,0,0,0,0,0,0,0,0,0,0.02,0,0,0,0,0,0,0,0,0,0,0.02,0,0,0,0,0,0,0,0.0392,0,0.137,0.157,0,0,0,0.0392,0,0,0,0,0,0,0,0,0,0,0.0588,0,0.0392,0,0,0.0196,0,0,0,0.0784,0.0196,0,0,0,0,0.0392,0,0.0392
Chinese, 213,0,0.0329,0,0,0,0.0516,0.0047,0,0,0.0376,0,0.0329,0.0047,0.0282,0,0.0188,0.0094,0.0047,0.0188,0.0235,0,0.0047,0.0047,0.0188,0,0,0.0188,0,0,0,0.0188,0.0047,0,0,0.0047,0,0.0094,0.0047,0.0282,0.0282,0.0141,0.0047,0.0047,0,0,0.0047,0,0,0,0.0094,0,0.0141,0.0047,0.0235,0.0047,0.0188,0.0047,0.0423,0,0.0141,0,0.0047,0,0.0235,0,0,0.0188,0.0516,0,0,0.0563,0.0235,0,0.0047,0.127,0.0423,0.0094,0.0141,0.0094,0,0,0.0188,0.0141
Chinese, 435,0,0.0161,0,0,0,0.0736,0.0046,0,0,0.0138,0,0.0138,0.0184,0.0115,0.0138,0.0069,0.0046,0.0184,0.0253,0.0161,0,0,0,0.0161,0,0,0,0,0,0,0.0069,0.0138,0.0138,0,0.0115,0,0.023,0.0161,0.0184,0.0299,0.0115,0.0046,0.0092,0,0.0046,0,0,0,0,0.0023,0.0023,0.0138,0.0046,0.0299,0.0069,0.0207,0,0.0092,0.0023,0.0667,0.0046,0.0092,0.0023,0.0276,0,0.0023,0,0.0092,0,0,0.0161,0.0184,0,0.0046,0.209,0,0.0138,0.0161,0.0069,0.0115,0.0023,0.0322,0.0391
Lahu, 32,0,0,0,0,0,0,0,0,0,0,0,0,0,0,0,0,0.125,0,0.0938,0,0,0,0.156,0,0,0,0,0,0,0,0,0,0,0,0,0,0,0.156,0.156,0,0,0.0313,0,0,0,0,0,0,0,0.188,0,0,0,0,0,0,0,0,0,0,0,0,0,0,0,0,0,0,0,0,0,0,0,0,0.0625,0,0,0,0.0313,0,0,0,0
Taiwanese, 208,0,0.024,0,0,0,0.0048,0,0,0,0,0,0.0096,0,0,0,0.0769,0,0,0,0.149,0.0048,0,0,0.0433,0,0,0.0481,0,0,0.0048,0.0625,0,0,0,0,0,0.0192,0,0.0721,0,0,0,0,0,0,0,0.101,0,0,0,0,0.0048,0,0.12,0,0.0433,0,0,0,0,0,0,0,0,0,0,0,0,0,0,0,0,0,0,0.135,0.0048,0,0,0,0,0,0.0625,0
Mansi, 98,0,0.0102,0,0,0,0.0306,0,0,0,0,0,0,0.184,0.194,0.255,0,0,0,0,0,0,0,0,0,0,0,0,0,0,0,0,0,0,0,0,0,0,0,0,0.0102,0,0,0,0,0,0,0,0,0,0,0,0,0,0,0.0102,0,0,0,0,0.122,0,0.0408,0.0102,0,0,0,0,0.0612,0,0,0,0,0,0.0204,0.0306,0,0,0.0102,0,0,0,0.0102,0
Koryak, 91,0,0,0,0,0,0.033,0,0,0.022,0,0,0.0989,0.011,0,0,0,0,0,0,0,0,0,0,0,0,0,0,0,0,0,0,0,0,0,0,0,0,0,0,0,0,0,0,0,0,0,0,0,0,0,0,0,0,0,0,0,0,0,0.209,0.264,0,0,0,0.0879,0,0,0,0,0.275,0,0,0,0,0,0,0,0,0,0,0,0,0,0
Korean, 537,0,0.0596,0.0037,0.0019,0.0354,0.0298,0.0074,0,0.0037,0.0391,0.0019,0.0223,0.0112,0,0,0,0,0,0.0074,0.0056,0.0056,0,0,0.0074,0.0056,0.0074,0.0056,0,0.0038,0,0,0.0354,0.0019,0,0.0093,0,0.0037,0.0074,0.0112,0.0205,0.0019,0,0.0019,0,0.0019,0,0,0.0019,0,0.0168,0.0335,0,0,0.0056,0.0279,0.0372,0.0037,0.0168,0.0037,0.0037,0,0.0037,0.0074,0.0149,0.0037,0.0205,0.0186,0.0149,0,0,0.0317,0.0466,0.0019,0.0019,0.184,0.0577,0.0242,0.0093,0.0093,0.0019,0.0019,0.0298,0.0056
Tibetan, 65,0,0.0923,0,0,0,0.0615,0,0,0.0308,0,0,0,0,0,0,0,0,0,0.0154,0,0,0,0,0,0,0,0,0,0,0,0,0,0,0,0,0,0.0154,0,0,0,0.0154,0,0,0,0,0,0,0,0,0,0,0,0,0,0,0.0308,0,0,0,0.0154,0,0,0,0.0923,0,0,0,0,0,0,0.108,0.0769,0.0615,0,0.123,0,0.0154,0.185,0,0.0308,0,0.0154,0.0154
Semang, 20,0.05,0,0,0,0,0,0,0,0,0,0,0,0,0,0,0,0,0,0,0,0,0,0,0,0,0,0,0,0,0,0,0,0,0,0,0,0,0,0,0,0,0,0,0,0,0,0,0,0,0.05,0,0,0,0,0,0,0,0,0,0,0,0,0,0,0,0.1,0,0,0,0,0,0,0,0,0,0.8,0,0,0,0,0,0,0
Philippines,32,0,0.0625,0,0,0,0,0,0,0,0,0,0.0313,0.0313,0,0,0.0313,0,0.0313,0,0,0,0,0,0,0,0,0,0,0,0,0.0313,0,0.125,0,0,0,0,0.125,0,0,0,0,0,0,0,0.0313,0,0,0,0,0.0625,0.0313,0,0,0,0.188,0,0,0,0,0,0,0,0,0,0,0,0,0,0,0,0,0,0,0.188,0,0,0,0,0,0,0.0313,0
Indonesia, 40,0,0.1,0,0,0,0,0,0,0,0.025,0,0.025,0.05,0,0.05,0,0,0,0,0,0,0,0,0,0,0,0,0,0,0,0,0,0,0,0,0,0,0.35,0.05,0,0,0,0,0.025,0,0.025,0,0,0.1,0.025,0,0,0,0.025,0,0.025,0,0,0,0,0,0,0,0,0,0,0,0,0,0,0,0,0,0,0.075,0,0,0,0,0,0.025,0.025,0
New	plaza
Population,Size,L1,L2,L3,D,M1,M5,N,I,W,X,R1,JT,T,J,U,U6,K,HV,H,V
Algerians,47,0.064,0.064,0.149,0.0,0.128,0.0,0.0,0.0,0.0,0.021,0.0,0.0,0.042,0.128,0.021,0.0,0.042,0.34,0.0
Mauritanians,30,0.234,0.134,0.067,0.0,0.0,0.0,0.0,0.0,0.0,0.0,0.0,0.0,0.0,0.033,0.033,0.2,0.066,0.0,0.2,0.033
Moroccan Arabs,50,0.1,0.06,0.16,0.0,0.02,0.0,0.0,0.0,0.0,0.04,0.0,0.0,0.04,0.04,0.12,0.08,0.04,0.0,0.26,0.04
Moroccan Berbers,64,0.016,0.0,0.016,0.0,0.0,0.0,0.0,0.0,0.0,0.0,0.0,0.016,0.156,0.094,0.062,0.078,0.078,0.0,0.422,0.062
Mozabites,85,0.0,0.059,0.07,0.0,0.047,0.0,0.0,0.0,0.0,0.0,0.0,0.0,0.047,0.035,0.129,0.282,0.0,0.0,0.247,0.082
Saharawis,56,0.036,0.071,0.233,0.0,0.0,0.0,0.0,0.0,0.0,0.0,0.0,0.0,0.018,0.0,0.089,0.054,0.071,0.071,0.179,0.179
South Berbers,50,0.06,0.1,0.1,0.0,0.0,0.0,0.0,0.0,0.0,0.0,0.0,0.0,0.04,0.1,0.08,0.06,0.02,0.02,0.32,0.1
Tunisians,47,0.0,0.128,0.149,0.0,0.042,0.0,0.0,0.021,0.0,0.021,0.0,0.0,0.064,0.042,0.064,0.042,0.064,0.064,0.234,0.0
Northwest Africans,429,0.064,0.077,0.118,0.0,0.03,0.0,0.0,0.003,0.0,0.01,0.0,0.002,0.051,0.059,0.075,0.099,0.048,0.019,0.275,0.062
Andalusians,158,0.0,0.006,0.013,0.019,0.019,0.006,0.019,0.013,0.032,0.0,0.006,0.044,0.07,0.101,0.019,0.063,0.025,0.462,0.057
Basques,173,0.0,0.0,0.0,0.0,0.0,0.0,0.0,0.0,0.0,0.017,0.017,0.0,0.052,0.04,0.133,0.0,0.052,0.0,0.578,0.104
Catalans,78,0.0,0.0,0.013,0.0,0.0,0.0,0.013,0.0,0.051,0.026,0.0,0.0,0.077,0.026,0.09,0.0,0.064,0.013,0.564,0.051
Central Spain,50,0.02,0.02,0.0,0.0,0.0,0.02,0.0,0.0,0.02,0.02,0.0,0.0,0.1,0.08,0.2,0.02,0.02,0.02,0.46,0.0
Galicians,103,0.0,0.01,0.01,0.0,0.0,0.0,0.0,0.0,0.019,0.01,0.0,0.0,0.1,0.08,0.2,0.02,0.02,0.02,0.46,0.0
Valencia,30,0.0,0.034,0.0,0.0,0.0,0.0,0.066,0.0,0.0,0.0,0.0,0.0,0.0,0.066,0.166,0.0,0.1,0.034,0.533,0.0
Portugal,54,0.0,0.018,0.018,0.0,0.0,0.0,0.0,0.0,0.0,0.0,0.0,0.0,0.111,0.056,0.093,0.056,0.074,0.037,0.481,0.037
North Portuguese,100,0.01,0.03,0.01,0.0,0.0,0.0,0.0,0.01,0.02,0.0,0.0,0.0,0.11,0.06,0.16,0.07,0.03,0.0,0.41,0.08
Central Portuguese,82,0.013,0.024,0.024,0.0,0.013,0.0,0.013,0.0,0.013,0.036,0.0,0.0,0.11,0.061,0.146,0.0,3.7.3,0.0,0.378,0.073
South Portuguese,59,0.017,0.017,0.017,0.0,0.0,0.0,0.0,0.017,0.0,0.017,0.0,0.0,0.102,0.085,0.119,0.0,0.068,0.0,0.441,0.068
Iberians,887,0.006,0.016,0.01,0.0,0.003,0.004,0.01,0.005,0.014,0.016,0.002,0.001,0.073,0.065,0.131,0.018,0.058,0.014,0.492,0.05
Central Italy,83,0.0,0.0,0.012,0.012,0.0,0.0,0.0,0.0,0.012,0.036,0.0,0.0,0.157,0.06,0.096,0.0,0.072,0.012,0.47,0.048
Sardinians,73,0.014,0.014,0.0,0.0,0.014,0.0,0.014,0.0,0.014,0.014,0.0,0.0,0.123,0.055,0.123,0.0,0.055,0.027,0.507,0.027
Sicily,169,0.0,0.006,0.0,0.0,0.018,0.0,0.012,0.012,0.018,0.029,0.0,0.018,0.083,0.053,0.047,0.006,0.029,0.0,0.503,0.059
South Italy,37,0.027,0.0,0.054,0.0,0.0,0.0,0.027,0.0,0.054,0.054,0.027,0.027,0.135,0.027,0.054,0.0,0.027,0.0,0.459,0.027
Tuscans,49,0.0,0.0,0.02,0.0,0.0,0.0,0.0,0.041,0.02,0.061,0.0,0.0,0.102,0.143,0.122,0.0,0.082,0.02,0.388,0.0
Italians,411,0.008,0.004,0.017,0.002,0.006,0.0,0.011,0.011,0.024,0.039,0.005,0.009,0.12,0.068,0.088,0.001,0.053,0.012,0.465,0.032
New	yunusbayev
Population,Size,A,B,C,D,E,F,G,H,HV,HV0,HV1,HV2,I,J,K,L0,M,M1,N,N1a,N1b,N1,N1,N2a,N9,R,R0a,T(xT1),T1,U,U1,U2,U3,U4,U5,U6,U7,U8,U9,V,W,X,Y,Z
Andi,62,0.0,0.0,0.0,0.0,0.0,0.0,0.0645161290323,0.0806451612903,0.0,0.0,0.0,0.0,0.129032258065,0.0806451612903,0.0,0.0,0.0,0.0,0.0,0.0,0.0483870967742,0.0,0.0,0.0,0.0483870967742,0.0,0.0161290322581,0.129032258065,0.0,0.0,0.0322580645161,0.0322580645161,0.0322580645161,0.0,0.0645161290323,0.0,0.0322580645161,0.0,0.0,0.0,0.0161290322581,0.193548387097,0.0,0.0
Avar,61,0.0,0.0491803278689,0.0,0.0,0.0,0.0,0.0,0.229508196721,0.0655737704918,0.0,0.016393442623,0.0,0.016393442623,0.016393442623,0.131147540984,0.0,0.0,0.0,0.0,0.0,0.0,0.0,0.0,0.0,0.0,0.0,0.0,0.016393442623,0.0,0.0,0.0819672131148,0.0,0.0,0.0655737704918,0.131147540984,0.0,0.0,0.0,0.0,0.0491803278689,0.0819672131148,0.0491803278689,0.0,0.0
Chamalal,34,0.0,0.0,0.0,0.0,0.0,0.0,0.0,0.676470588235,0.0294117647059,0.0,0.0,0.0,0.0,0.0,0.0,0.0,0.0,0.0,0.0,0.0,0.0,0.0,0.0588235294118,0.0,0.0,0.0882352941176,0.0,0.0294117647059,0.0294117647059,0.0294117647059,0.0,0.0,0.0,0.0,0.0,0.0,0.0,0.0,0.0,0.0,0.0,0.0,0.0,0.0
Bagvalal,33,0.0,0.0,0.0,0.0,0.0,0.0,0.0,0.424242424242,0.212121212121,0.0,0.0,0.0,0.0,0.0,0.0,0.0,0.0,0.0,0.0,0.0,0.030303030303,0.0,0.0,0.0,0.0,0.0606060606061,0.0,0.181818181818,0.0,0.0,0.0,0.0,0.0,0.0606060606061,0.0,0.0,0.030303030303,0.0,0.0,0.0,0.0,0.0,0.0,0.0
Tabasaran,52,0.0,0.0,0.0,0.0384615384615,0.0,0.0,0.0,0.173076923077,0.0,0.0,0.0,0.0192307692308,0.0,0.134615384615,0.0576923076923,0.0,0.0,0.0,0.0,0.0192307692308,0.0384615384615,0.0,0.0,0.0,0.0,0.0,0.0,0.0384615384615,0.0384615384615,0.0192307692308,0.0192307692308,0.0769230769231,0.0769230769231,0.0769230769231,0.0961538461538,0.0,0.0,0.0192307692308,0.0,0.0,0.0,0.0576923076923,0.0,0.0
Chechen,176,0.0,0.0,0.0113636363636,0.0113636363636,0.0,0.0,0.0,0.244318181818,0.0113636363636,0.0,0.0,0.0,0.0454545454545,0.0340909090909,0.0568181818182,0.0,0.0,0.0113636363636,0.0,0.0,0.0340909090909,0.0,0.0,0.00568181818182,0.0227272727273,0.0170454545455,0.0,0.176136363636,0.0170454545455,0.0,0.0113636363636,0.0340909090909,0.0454545454545,0.0454545454545,0.0852272727273,0.0,0.0170454545455,0.0,0.0,0.00568181818182,0.0397727272727,0.0170454545455,0.0,0.0
Dargin,110,0.0,0.0,0.0,0.0,0.0,0.00909090909091,0.0,0.236363636364,0.0727272727273,0.0,0.0181818181818,0.0,0.0636363636364,0.109090909091,0.118181818182,0.0,0.0,0.0,0.0,0.0,0.0,0.0,0.0,0.00909090909091,0.0,0.0,0.0,0.0181818181818,0.0181818181818,0.0,0.0181818181818,0.0363636363636,0.0181818181818,0.0636363636364,0.136363636364,0.0,0.0,0.0,0.0,0.00909090909091,0.00909090909091,0.0363636363636,0.0,0.0
Ingush,103,0.0,0.0,0.0194174757282,0.0291262135922,0.0,0.0,0.0,0.281553398058,0.00970873786408,0.0,0.0,0.0,0.0776699029126,0.0291262135922,0.0388349514563,0.0,0.0,0.0485436893204,0.0,0.0,0.0,0.0,0.0,0.0,0.0485436893204,0.0,0.0,0.0388349514563,0.0194174757282,0.0194174757282,0.0194174757282,0.0194174757282,0.0873786407767,0.0291262135922,0.135922330097,0.0,0.00970873786408,0.0,0.0,0.00970873786408,0.0194174757282,0.00970873786408,0.0,0.0
Kumyk,112,0.0,0.0,0.0,0.00892857142857,0.0,0.0,0.0267857142857,0.241071428571,0.0178571428571,0.0,0.0,0.0178571428571,0.0535714285714,0.0803571428571,0.0267857142857,0.0,0.0,0.00892857142857,0.0,0.0,0.00892857142857,0.0,0.0,0.0,0.00892857142857,0.00892857142857,0.0,0.0982142857143,0.0178571428571,0.0,0.0446428571429,0.0267857142857,0.0625,0.0625,0.0535714285714,0.0,0.0446428571429,0.00892857142857,0.0,0.0,0.0178571428571,0.0535714285714,0.0,0.0
Lezgian,46,0.0,0.0,0.0,0.0434782608696,0.0,0.0,0.0,0.239130434783,0.0,0.0,0.0,0.0434782608696,0.130434782609,0.108695652174,0.0,0.0,0.0,0.0,0.0,0.0,0.0,0.0,0.0,0.0,0.0869565217391,0.0,0.0434782608696,0.0,0.0,0.0,0.0,0.0652173913043,0.0652173913043,0.130434782609,0.0,0.0,0.0,0.0,0.0,0.0,0.0434782608696,0.0,0.0,0.0,0.0,0.0,0.0,0.0434782608696,0.0,0.0
Abaza,105,0.0,0.0,0.047619047619,0.047619047619,0.0,0.0,0.00952380952381,0.27619047619,0.0,0.00952380952381,0.0,0.0,0.0285714285714,0.0380952380952,0.047619047619,0.0,0.0,0.0285714285714,0.0,0.0,0.0,0.0,0.0,0.0,0.0,0.0190476190476,0.0,0.0285714285714,0.00952380952381,0.0,0.00952380952381,0.0571428571429,0.114285714286,0.00952380952381,0.104761904762,0.0,0.0,0.0,0.0,0.0,0.0380952380952,0.0571428571429,0.0,0.0190476190476
Adyghe,155,0.0,0.00645161290323,0.0129032258065,0.00645161290323,0.0,0.0,0.0,0.367741935484,0.0129032258065,0.00645161290323,0.0193548387097,0.0,0.0322580645161,0.0129032258065,0.0838709677419,0.0,0.0,0.00645161290323,0.0,0.00645161290323,0.0,0.0,0.0,0.0,0.0,0.0516129032258,0.0,0.0645161290323,0.0258064516129,0.0,0.0129032258065,0.0258064516129,0.0451612903226,0.0193548387097,0.0967741935484,0.0,0.00645161290323,0.0,0.0,0.0,0.0451612903226,0.0322580645161,0.0,0.0
Kabardian,150,0.0,0.0,0.0666666666667,0.0333333333333,0.0,0.00666666666667,0.0,0.14,0.02,0.0,0.0266666666667,0.0,0.0133333333333,0.08,0.06,0.0,0.00666666666667,0.00666666666667,0.0,0.0,0.00666666666667,0.0,0.0,0.0,0.0,0.02,0.0,0.06,0.04,0.0,0.0333333333333,0.0466666666667,0.1,0.02,0.0733333333333,0.0,0.0,0.00666666666667,0.0,0.0,0.06,0.0666666666667,0.00666666666667,0.0
Ossetian,138,0.0,0.0,0.0144927536232,0.0797101449275,0.0,0.0,0.00724637681159,0.18115942029,0.0144927536232,0.0434782608696,0.0289855072464,0.0,0.0,0.123188405797,0.0869565217391,0.0,0.0,0.0289855072464,0.0,0.0,0.0144927536232,0.0,0.0,0.0,0.00724637681159,0.00724637681159,0.0,0.036231884058,0.0217391304348,0.0,0.0507246376812,0.0217391304348,0.0434782608696,0.00724637681159,0.0724637681159,0.0,0.0,0.0,0.0,0.0,0.0289855072464,0.0652173913043,0.00724637681159,0.00724637681159
Abkhaz,136,0.00735294117647,0.0,0.0588235294118,0.0294117647059,0.0,0.00735294117647,0.0,0.235294117647,0.0147058823529,0.0,0.0147058823529,0.0,0.0220588235294,0.0147058823529,0.0367647058824,0.0,0.0,0.00735294117647,0.0,0.0,0.0,0.0,0.0,0.0,0.0,0.0588235294118,0.0,0.00735294117647,0.0367647058824,0.0,0.0661764705882,0.0367647058824,0.0735294117647,0.0514705882353,0.0735294117647,0.0,0.0,0.0,0.0,0.0,0.0514705882353,0.0955882352941,0.0,0.0
Armenian,36,0.0,0.0,0.0,0.0,0.0,0.0,0.0,0.333333333333,0.0833333333333,0.0,0.0,0.0277777777778,0.0277777777778,0.0555555555556,0.0277777777778,0.0,0.0,0.0,0.0,0.0277777777778,0.0,0.0,0.0,0.0,0.0,0.0555555555556,0.0833333333333,0.0833333333333,0.0277777777778,0.0277777777778,0.0,0.111111111111,0.0,0.0,0.0,0.0,0.0,0.0,0.0,0.0
Balkarians,140,0.0142857142857,0.0,0.0,0.0285714285714,0.0,0.0,0.00714285714286,0.25,0.0214285714286,0.0,0.0142857142857,0.0,0.00714285714286,0.00714285714286,0.0571428571429,0.0,0.0,0.0,0.0,0.0,0.0142857142857,0.0,0.0,0.0,0.0,0.0357142857143,0.0,0.0714285714286,0.0357142857143,0.0,0.0785714285714,0.0357142857143,0.0642857142857,0.00714285714286,0.0142857142857,0.0,0.0214285714286,0.0,0.0,0.00714285714286,0.135714285714,0.0714285714286,0.0,0.0
New	india
Population,Size,L1,M,M2,M3,M5,M9b,U2,U1,N,R9,R
Chenchu,96,0.0,0.96875,0.177083333333,0.0104166666667,0.1875,0.03125,0.0,0.0,0.0,0.0,0.0104166666667
Koya,81,0.0,0.691358024691,0.185185185185,0.0617283950617,0.0,0.20987654321,0.0123456790123,0.0,0.0,0.0,0.308641975309
Tamil Nadu,49,0.0,0.714285714286,0.0204081632653,0.244897959184,0.0,0.0,0.122448979592,0.0408163265306,0.0,0.0,0.122448979592
New	wen
Population,Size,A,A6,B,B4,B4a,B4b1,B4e,B4f,B5,B5a,B5b,C,C5,D,D5,D5a,F,F1,F1a,F1a1,F1a1a,F1b,F1c,F2a,F3,G,G2,G3,M,M7,M7b,M7b1,M7c1,M8,M8a,N,N9a,R,R9,R9b,R9c,Y,Z
Hmong,103,0.0679611650485,0.0194174757282,0.0,0.0194174757282,0.0485436893204,0.0291262135922,0.00970873786408,0.00970873786408,0.0,0.0582524271845,0.00970873786408,0.0776699029126,0.0194174757282,0.145631067961,0.0291262135922,0.0194174757282,0.0291262135922,0.0,0.0194174757282,0.0388349514563,0.0291262135922,0.0194174757282,0.0,0.0,0.00970873786408,0.0194174757282,0.00970873786408,0.0194174757282,0.0679611650485,0.00970873786408,0.0388349514563,0.0,0.0,0.0,0.0194174757282,0.00970873786408,0.0194174757282,0.00970873786408,0.0,0.0388349514563,0.00970873786408,0.00970873786408,0.00970873786408
Mien,370,0.00810810810811,0.0108108108108,0.0027027027027,0.0378378378378,0.0945945945946,0.0405405405405,0.0243243243243,0.00810810810811,0.0027027027027,0.116216216216,0.00540540540541,0.0243243243243,0.0297297297297,0.102702702703,0.00810810810811,0.0027027027027,0.0108108108108,0.0027027027027,0.0378378378378,0.027027027027,0.027027027027,0.0216216216216,0.00540540540541,0.0108108108108,0.0189189189189,0.0027027027027,0.0324324324324,0.0,0.0675675675676,0.0216216216216,0.0378378378378,0.0432432432432,0.0,0.0027027027027,0.0027027027027,0.0,0.0297297297297,0.027027027027,0.0108108108108,0.027027027027,0.00810810810811,0.0,0.00540540540541
New	pengcham
Population,Size,A,B,B4,B4a,B4a1a1,B4a2,B4b1,B4c1b,B4c2,B4g,B5a,B5b,C,D,D5,E1,E2,F1,F1a,F1a1,F1a1a,F2,F3a,F3b,F4,G,L0,M,M10,M12,M17,M19,M20,M21a,M21b,M21,M21,M22,M33c,M47,M50,M51,M7,M71,M72,M73,M77,M7b,M7b1,M7b,M7c,M7c1,M7c3,M8a,M9,N,N10,N21,N22,N,N9a,N9a6,P,Q,R,R11,R21,R22,R23,R9b,R9c,R9,U,W,Y,Z
Cham,168,0.0,0.0,0.0,0.042,0.0,0.0,0.006,0.024,0.107,0.012,0.161,0.018,0.006,0.018,0.0,0.006,0.006,0.018,0.018,0.012,0.06,0.0,0.0,0.0,0.0,0.006,0.0,0.0,0.0,0.012,0.042,0.0,0.006,0.0,0.0,0.0,0.024,0.006,0.0,0.0,0.018,0.012,0.0,0.006,0.0,0.024,0.024,0.024,0.03,0.0,0.012,0.0,0.012,0.018,0.012,0.0,0.0,0.018,0.0,0.0,0.042,0.03,0.0,0.0,0.0,0.012,0.0,0.042,0.012,0.03,0.018,0.0,0.0,0.0,0.0,0.0
Kinh,139,0.0,0.007,0.029,0.036,0.0,0.0,0.007,0.022,0.029,0.05,0.129,0.007,0.043,0.007,0.022,0.0,0.0,0.029,0.065,0.043,0.058,0.0,0.007,0.0,0.007,0.007,0.0,0.0,0.007,0.014,0.0,0.0,0.007,0.0,0.0,0.0,0.0,0.007,0.007,0.0,0.0,0.014,0.007,0.0,0.007,0.0,0.0,0.043,0.065,0.0,0.014,0.029,0.0,0.007,0.029,0.0,0.0,0.0,0.0,0.007,0.007,0.007,0.0,0.0,0.0,0.0,0.0,0.0,0.0,0.043,0.022,0.007,0.0,0.007,0.0,0.036
Viet,292,0.017,0.017,0.027,0.024,0.0,0.0,0.01,0.017,0.01,0.014,0.079,0.007,0.034,0.041,0.024,0.0,0.0,0.017,0.092,0.051,0.062,0.007,0.007,0.0,0.0,0.017,0.0,0.034,0.014,0.017,0.003,0.01,0.003,0.0,0.0,0.0,0.0,0.0,0.003,0.003,0.0,0.003,0.0,0.017,0.0,0.0,0.0,0.055,0.058,0.003,0.01,0.024,0.0,0.014,0.007,0.0,0.007,0.0,0.003,0.0,0.027,0.017,0.0,0.0,0.007,0.0,0.0,0.0,0.0,0.034,0.014,0.014,0.007,0.003,0.0,0.01
Thailand,533,0.015,0.009,0.026,0.026,0.0,0.0,0.008,0.002,0.021,0.015,0.088,0.0,0.03,0.034,0.013,0.0,0.0,0.017,0.075,0.013,0.088,0.015,0.023,0.0,0.004,0.013,0.0,0.12,0.002,0.017,0.002,0.0,0.013,0.004,0.0,0.0,0.004,0.004,0.0,0.0,0.002,0.011,0.002,0.028,0.0,0.002,0.0,0.034,0.041,0.0,0.011,0.002,0.002,0.004,0.008,0.004,0.011,0.019,0.004,0.004,0.015,0.004,0.0,0.0,0.023,0.002,0.0,0.011,0.0,0.028,0.009,0.011,0.002,0.0,0.0,0.008
Cambodia,31,0.0,0.032,0.0,0.0,0.0,0.0,0.0,0.0,0.161,0.0,0.0,0.0,0.0,0.0,0.0,0.0,0.0,0.0,0.0,0.0,0.258,0.0,0.0,0.0,0.0,0.0,0.0,0.226,0.0,0.0,0.065,0.0,0.0,0.0,0.0,0.0,0.0,0.0,0.0,0.0,0.0,0.0,0.0,0.0,0.0,0.032,0.0,0.0,0.0,0.0,0.0,0.0,0.0,0.0,0.0,0.0,0.0,0.065,0.0,0.0,0.0,0.0,0.0,0.0,0.032,0.0,0.0,0.065,0.0,0.032,0.0,0.032,0.0,0.0,0.0,0.0
Hainan,159,0.013,0.038,0.006,0.088,0.0,0.0,0.031,0.038,0.006,0.006,0.063,0.006,0.05,0.013,0.0,0.0,0.0,0.0,0.0,0.019,0.006,0.025,0.013,0.0,0.038,0.038,0.0,0.038,0.006,0.025,0.0,0.0,0.0,0.0,0.0,0.0,0.0,0.0,0.025,0.0,0.0,0.006,0.05,0.006,0.0,0.0,0.0,0.025,0.069,0.0,0.0,0.019,0.0,0.038,0.0,0.025,0.006,0.0,0.0,0.0,0.019,0.0,0.0,0.0,0.044,0.013,0.0,0.0,0.0,0.057,0.013,0.013,0.0,0.0,0.0,0.006
Formosa,718,0.0,0.0,0.004,0.01,0.092,0.057,0.103,0.004,0.0,0.0,0.054,0.0,0.0,0.011,0.042,0.12,0.004,0.0,0.019,0.029,0.0,0.001,0.0,0.079,0.12,0.001,0.0,0.007,0.006,0.003,0.0,0.0,0.0,0.0,0.0,0.0,0.0,0.0,0.0,0.0,0.0,0.0,0.0,0.0,0.0,0.0,0.0,0.001,0.007,0.109,0.0,0.014,0.049,0.0,0.0,0.0,0.0,0.0,0.0,0.0,0.018,0.0,0.0,0.0,0.0,0.0,0.0,0.0,0.0,0.0,0.021,0.0,0.0,0.0,0.014,0.0
Philippine,543,0.0,0.002,0.0,0.12,0.004,0.0,0.074,0.046,0.0,0.0,0.009,0.074,0.0,0.002,0.015,0.127,0.035,0.0,0.074,0.0,0.002,0.0,0.0,0.039,0.004,0.0,0.0,0.026,0.0,0.0,0.009,0.0,0.002,0.004,0.0,0.002,0.0,0.0,0.0,0.0,0.0,0.0,0.002,0.013,0.002,0.004,0.0,0.002,0.013,0.029,0.0,0.009,0.109,0.002,0.0,0.002,0.0,0.0,0.006,0.0,0.0,0.0,0.011,0.0,0.028,0.0,0.0,0.0,0.0,0.0,0.048,0.0,0.0,0.0,0.053,0.002
OrangAsli,280,0.0,0.011,0.0,0.007,0.0,0.0,0.0,0.0,0.0,0.0,0.007,0.054,0.0,0.0,0.0,0.0,0.0,0.0,0.0,0.0,0.1,0.0,0.0,0.0,0.0,0.0,0.0,0.025,0.0,0.0,0.0,0.0,0.0,0.254,0.039,0.007,0.0,0.021,0.0,0.0,0.0,0.004,0.0,0.0,0.0,0.0,0.0,0.0,0.0,0.0,0.0,0.004,0.029,0.0,0.0,0.0,0.0,0.086,0.014,0.0,0.0,0.061,0.0,0.0,0.0,0.0,0.193,0.0,0.0,0.086,0.0,0.0,0.0,0.0,0.0,0.0
MelayuMalay,388,0.003,0.0,0.0,0.021,0.003,0.0,0.013,0.031,0.021,0.0,0.082,0.018,0.013,0.023,0.023,0.08,0.01,0.003,0.059,0.0,0.049,0.0,0.003,0.003,0.0,0.003,0.003,0.09,0.0,0.013,0.005,0.003,0.018,0.028,0.005,0.005,0.0,0.01,0.0,0.0,0.013,0.013,0.005,0.018,0.0,0.013,0.005,0.013,0.026,0.0,0.0,0.003,0.072,0.005,0.003,0.005,0.0,0.013,0.003,0.005,0.008,0.021,0.0,0.003,0.039,0.0,0.005,0.01,0.0,0.021,0.003,0.0,0.015,0.0,0.008,0.015
Indonesia,54,0.0,0.0,0.0,0.037,0.0,0.0,0.0,0.037,0.056,0.0,0.074,0.0,0.0,0.0,0.019,0.111,0.0,0.0,0.056,0.019,0.093,0.0,0.0,0.019,0.0,0.0,0.0,0.148,0.0,0.0,0.0,0.019,0.037,0.019,0.019,0.0,0.0,0.0,0.0,0.0,0.0,0.019,0.0,0.0,0.0,0.0,0.0,0.0,0.019,0.0,0.0,0.0,0.074,0.0,0.019,0.0,0.0,0.0,0.019,0.0,0.0,0.019,0.0,0.019,0.0,0.0,0.0,0.0,0.0,0.0,0.0,0.0,0.0,0.0,0.037,0.019
Sumatra,180,0.0,0.039,0.0,0.061,0.0,0.0,0.006,0.044,0.022,0.0,0.039,0.022,0.0,0.0,0.0,0.061,0.006,0.0,0.083,0.0,0.05,0.0,0.0,0.0,0.017,0.0,0.0,0.094,0.0,0.017,0.006,0.006,0.039,0.0,0.006,0.0,0.0,0.0,0.0,0.011,0.028,0.017,0.028,0.006,0.0,0.0,0.0,0.006,0.017,0.0,0.0,0.0,0.089,0.0,0.0,0.011,0.0,0.006,0.0,0.022,0.0,0.033,0.0,0.0,0.011,0.0,0.0,0.006,0.0,0.017,0.0,0.0,0.006,0.0,0.067,0.006
Java,46,0.0,0.043,0.0,0.022,0.0,0.0,0.0,0.022,0.0,0.0,0.022,0.0,0.022,0.0,0.0,0.022,0.0,0.0,0.174,0.022,0.043,0.0,0.0,0.0,0.0,0.0,0.0,0.196,0.0,0.0,0.022,0.0,0.0,0.0,0.0,0.0,0.0,0.0,0.0,0.0,0.0,0.0,0.0,0.0,0.0,0.0,0.0,0.0,0.022,0.0,0.0,0.0,0.109,0.0,0.0,0.0,0.0,0.0,0.0,0.152,0.0,0.022,0.0,0.0,0.0,0.0,0.0,0.022,0.0,0.043,0.0,0.0,0.0,0.0,0.022,0.0
Borneo,157,0.0,0.0,0.006,0.07,0.013,0.0,0.019,0.019,0.057,0.0,0.045,0.013,0.013,0.006,0.013,0.108,0.032,0.0,0.045,0.013,0.006,0.0,0.0,0.057,0.0,0.0,0.0,0.089,0.0,0.013,0.0,0.0,0.025,0.013,0.013,0.0,0.0,0.0,0.0,0.0,0.0,0.045,0.006,0.0,0.0,0.0,0.0,0.013,0.006,0.0,0.0,0.006,0.07,0.0,0.006,0.038,0.0,0.0,0.0,0.0,0.0,0.006,0.0,0.013,0.019,0.006,0.0,0.019,0.0,0.006,0.019,0.006,0.0,0.0,0.019,0.006
Sulawesi,237,0.0,0.004,0.004,0.051,0.038,0.0,0.008,0.038,0.008,0.0,0.025,0.025,0.004,0.025,0.084,0.232,0.03,0.004,0.089,0.004,0.013,0.0,0.0,0.0,0.0,0.0,0.0,0.03,0.0,0.0,0.004,0.0,0.013,0.0,0.004,0.0,0.0,0.0,0.0,0.0,0.004,0.021,0.013,0.0,0.0,0.0,0.0,0.0,0.004,0.013,0.004,0.0,0.11,0.0,0.0,0.0,0.0,0.004,0.0,0.0,0.0,0.008,0.013,0.025,0.0,0.0,0.0,0.008,0.0,0.008,0.008,0.0,0.0,0.0,0.017,0.0
Bali,82,0.0,0.0,0.012,0.024,0.0,0.0,0.0,0.061,0.073,0.0,0.049,0.0,0.0,0.0,0.012,0.061,0.0,0.0,0.049,0.049,0.024,0.0,0.0,0.0,0.0,0.0,0.0,0.159,0.0,0.012,0.037,0.0,0.012,0.0,0.0,0.0,0.037,0.0,0.0,0.0,0.0,0.024,0.012,0.0,0.0,0.0,0.0,0.012,0.049,0.0,0.0,0.0,0.061,0.0,0.0,0.0,0.0,0.012,0.0,0.0,0.0,0.0,0.0,0.012,0.0,0.0,0.0,0.061,0.061,0.0,0.0,0.012,0.0,0.0,0.012,0.0
Lombok,44,0.0,0.0,0.0,0.045,0.0,0.0,0.0,0.0,0.0,0.0,0.068,0.023,0.023,0.0,0.023,0.091,0.0,0.0,0.136,0.0,0.091,0.0,0.0,0.0,0.0,0.0,0.0,0.068,0.0,0.0,0.023,0.0,0.0,0.0,0.0,0.0,0.0,0.023,0.0,0.0,0.0,0.068,0.0,0.023,0.023,0.0,0.0,0.0,0.091,0.0,0.0,0.0,0.023,0.0,0.0,0.0,0.0,0.0,0.0,0.0,0.0,0.0,0.0,0.0,0.0,0.0,0.0,0.114,0.0,0.045,0.0,0.0,0.0,0.0,0.0,0.0
Sumba,50,0.0,0.0,0.0,0.02,0.0,0.0,0.0,0.0,0.0,0.0,0.0,0.0,0.0,0.0,0.0,0.14,0.02,0.0,0.14,0.02,0.04,0.0,0.0,0.02,0.0,0.0,0.0,0.06,0.0,0.0,0.02,0.02,0.0,0.0,0.0,0.0,0.0,0.0,0.0,0.0,0.0,0.0,0.02,0.0,0.0,0.0,0.0,0.0,0.0,0.08,0.0,0.0,0.12,0.0,0.0,0.0,0.0,0.0,0.08,0.0,0.0,0.0,0.04,0.04,0.0,0.0,0.0,0.08,0.02,0.0,0.02,0.0,0.0,0.0,0.0,0.0
Alor_1,45,0.0,0.0,0.0,0.0,0.022,0.0,0.0,0.067,0.0,0.0,0.044,0.0,0.0,0.022,0.0,0.111,0.0,0.0,0.089,0.0,0.022,0.0,0.022,0.0,0.0,0.0,0.0,0.022,0.0,0.0,0.022,0.0,0.0,0.0,0.0,0.0,0.0,0.0,0.0,0.0,0.0,0.022,0.0,0.0,0.0,0.022,0.0,0.0,0.0,0.0,0.0,0.0,0.044,0.0,0.0,0.0,0.0,0.044,0.0,0.0,0.0,0.0,0.0,0.289,0.0,0.0,0.0,0.022,0.0,0.0,0.111,0.0,0.0,0.0,0.0,0.0
Ambon,43,0.0,0.0,0.0,0.093,0.14,0.0,0.047,0.0,0.0,0.0,0.07,0.0,0.0,0.047,0.023,0.07,0.047,0.0,0.116,0.0,0.023,0.0,0.0,0.0,0.0,0.0,0.0,0.07,0.0,0.0,0.023,0.0,0.0,0.0,0.0,0.0,0.0,0.0,0.0,0.0,0.0,0.023,0.023,0.0,0.0,0.0,0.0,0.023,0.023,0.0,0.0,0.0,0.023,0.0,0.0,0.0,0.0,0.0,0.0,0.0,0.0,0.0,0.0,0.116,0.0,0.0,0.0,0.0,0.0,0.0,0.0,0.0,0.0,0.0,0.0,0.0
Adonara,77,0.0,0.0,0.0,0.026,0.0,0.0,0.065,0.052,0.0,0.0,0.0,0.065,0.0,0.0,0.078,0.013,0.013,0.0,0.221,0.0,0.026,0.0,0.0,0.0,0.0,0.0,0.0,0.013,0.0,0.0,0.0,0.0,0.0,0.0,0.0,0.0,0.052,0.0,0.0,0.013,0.0,0.013,0.0,0.0,0.026,0.0,0.0,0.0,0.0,0.0,0.0,0.0,0.078,0.0,0.0,0.0,0.0,0.0,0.0,0.0,0.0,0.0,0.0,0.156,0.0,0.0,0.0,0.0,0.0,0.026,0.026,0.0,0.013,0.0,0.026,0.0
Alor_2,27,0.0,0.0,0.0,0.296,0.0,0.0,0.074,0.0,0.0,0.0,0.0,0.037,0.0,0.0,0.0,0.074,0.0,0.0,0.074,0.0,0.0,0.0,0.0,0.0,0.0,0.0,0.0,0.074,0.0,0.0,0.0,0.0,0.0,0.0,0.0,0.0,0.037,0.0,0.0,0.0,0.0,0.0,0.0,0.0,0.0,0.0,0.0,0.0,0.0,0.0,0.0,0.0,0.037,0.0,0.0,0.0,0.0,0.037,0.0,0.0,0.0,0.0,0.037,0.148,0.0,0.0,0.0,0.0,0.0,0.0,0.037,0.0,0.037,0.0,0.0,0.0
E-Timor,38,0.0,0.053,0.0,0.079,0.053,0.0,0.0,0.0,0.0,0.0,0.0,0.0,0.0,0.0,0.0,0.289,0.026,0.0,0.053,0.0,0.0,0.0,0.0,0.026,0.0,0.0,0.0,0.026,0.0,0.0,0.0,0.0,0.0,0.0,0.0,0.0,0.0,0.0,0.0,0.0,0.0,0.0,0.0,0.0,0.0,0.0,0.0,0.0,0.0,0.0,0.0,0.0,0.0,0.0,0.0,0.0,0.0,0.0,0.0,0.0,0.0,0.0,0.053,0.237,0.0,0.0,0.0,0.0,0.0,0.026,0.079,0.0,0.0,0.0,0.0,0.0
Flores,77,0.0,0.0,0.0,0.039,0.039,0.0,0.117,0.013,0.013,0.0,0.013,0.078,0.0,0.0,0.117,0.052,0.0,0.0,0.156,0.0,0.013,0.0,0.0,0.0,0.0,0.0,0.0,0.052,0.0,0.0,0.026,0.0,0.0,0.0,0.0,0.0,0.0,0.0,0.0,0.0,0.0,0.0,0.0,0.0,0.0,0.026,0.0,0.0,0.0,0.013,0.0,0.0,0.091,0.0,0.0,0.0,0.0,0.0,0.0,0.0,0.0,0.0,0.013,0.039,0.0,0.0,0.0,0.0,0.0,0.0,0.013,0.0,0.0,0.0,0.0,0.078
Lembata,34,0.0,0.029,0.0,0.088,0.0,0.0,0.088,0.029,0.0,0.0,0.029,0.0,0.0,0.0,0.059,0.059,0.0,0.0,0.176,0.0,0.029,0.0,0.0,0.0,0.0,0.0,0.0,0.029,0.0,0.0,0.0,0.0,0.0,0.0,0.0,0.0,0.029,0.0,0.0,0.0,0.0,0.0,0.0,0.0,0.0,0.0,0.0,0.0,0.0,0.0,0.0,0.0,0.0,0.0,0.0,0.0,0.0,0.0,0.0,0.0,0.0,0.0,0.059,0.176,0.0,0.0,0.0,0.0,0.0,0.029,0.059,0.0,0.0,0.0,0.029,0.0
Pantar,38,0.0,0.0,0.0,0.0,0.0,0.0,0.026,0.132,0.0,0.0,0.0,0.0,0.0,0.0,0.026,0.053,0.0,0.0,0.053,0.0,0.0,0.0,0.0,0.0,0.0,0.0,0.0,0.079,0.0,0.0,0.053,0.0,0.0,0.0,0.0,0.0,0.0,0.0,0.0,0.0,0.0,0.053,0.0,0.0,0.053,0.0,0.0,0.0,0.0,0.0,0.0,0.0,0.053,0.0,0.0,0.0,0.0,0.0,0.0,0.0,0.0,0.0,0.026,0.342,0.0,0.0,0.0,0.0,0.0,0.0,0.053,0.0,0.0,0.0,0.0,0.0
Solor,41,0.0,0.0,0.0,0.024,0.0,0.0,0.098,0.0,0.0,0.0,0.0,0.024,0.0,0.0,0.049,0.0,0.122,0.0,0.122,0.0,0.0,0.0,0.0,0.0,0.0,0.0,0.0,0.22,0.0,0.0,0.0,0.0,0.0,0.0,0.122,0.0,0.0,0.0,0.0,0.0,0.0,0.0,0.0,0.0,0.0,0.0,0.0,0.0,0.0,0.0,0.0,0.0,0.049,0.0,0.0,0.0,0.0,0.0,0.0,0.0,0.0,0.0,0.024,0.098,0.0,0.0,0.0,0.024,0.0,0.0,0.024,0.0,0.0,0.0,0.0,0.0
New	barbieripdf
Population,Size,L0d1,L0d2,L0d3,L0k1a,L0k1b,L0k2
Hoan,13,0.923,0.077,0.0,0.0,0.0,0.0
!Xuun,27,0.444,0.111,0.0,0.333,0.0,0.0
Ju'hoan north,40,0.5,0.225,0.0,0.225,0.0,0.0
Ju'hoan south,44,0.5,0.205,0.0,0.25,0.0,0.0
Taa east,30,0.467,0.533,0.0,0.0,0.0,0.0
Taa west,31,0.516,0.226,0.0,0.226,0.0,0.0
Taa north,25,0.68,0.16,0.0,0.16,0.0,0.0
Nama,29,0.379,0.345,0.069,0.0,0.034,0.0
Hai'om,51,0.392,0.275,0.02,0.137,0.0,0.0
Lunda,9,0.0,0.0,0.0,0.0,0.0,0.111
Kwangwa,36,0.028,0.0,0.0,0.0,0.0,0.0
Fwe,33,0.061,0.0,0.0,0.0,0.061,0.121
New	starikovskaya
Population,Size,A1,A2,B,B,B4,B5,F,Y,H,V,J,T,U,K,W,X,N9,R,C1a,C,C,D,D1a,D2,D3,D4,D5,G1,G2,G3,S,Z,M
Mansi,98,0.031,0.0,0.0,0.0,0.0,0.0,0.01,0.0,0.143,0.01,0.122,0.072,0.254,0.031,0.0,0.0,0.0,0.0,0.0,0.163,0.01,0.062,0.0,0.0,0.01,0.0,0.01,0.0,0.061,0.0,0.0,0.0,0.01
Ket,38,0.079,0.0,0.0,0.0,0.0,0.0,0.237,0.0,0.105,0.0,0.0,0.0,0.342,0.0,0.027,0.0,0.0,0.0,0.0,0.158,0.0,0.026,0.0,0.0,0.0,0.0,0.0,0.0,0.0,0.0,0.0,0.026,0.0
Nganasan,24,0.0,0.0,0.0,0.0,0.0,0.0,0.0,0.0,0.084,0.0,0.0,0.0,0.25,0.0,0.0,0.0,0.0,0.0,0.0,0.126,0.208,0.083,0.0,0.0,0.167,0.042,0.0,0.0,0.0,0.0,0.0,0.042,0.0
Nivkh,56,0.0,0.0,0.0,0.0,0.0,0.0,0.0,0.661,0.0,0.0,0.0,0.0,0.0,0.0,0.0,0.0,0.0,0.0,0.0,0.0,0.0,0.232,0.0,0.0,0.0,0.054,0.0,0.054,0.0,0.0,0.0,0.0,0.0
New	duggan
Population,Size,M,M27a,M27b,M27c,M28a,M28b,M29a,M29b,P1,P1d,P1d1,Q1,Q1+!16223,Q1a,Q1b,Q1c,Q2a,Q2a2,B4a1a,B4a1a1,B4a1a1a,B4a1a1a,B4a1a1a1,B4a1a1a1,B4a1a1a3,B4a1a1a4,B4a1a1b,B4b1a2,B5b1c,B5b2a1b1,E1a2,E1b,E1b1,E2a,M7c3
New Britain,102,0,0,0,0,0.176,0,0,0.049,0.029,0,0,0,0.108,0,0.020,0,0.088,0.010,0,0.029,0.235,0,0.118,0,0,0,0,0,0,0,0,0,0.137,0,0
Anem,32,0,0,0,0,0,0,0,0,0.063,0,0,0,0.156,0,0.031,0,0,0,0,0.031,0.625,0,0.063,0,0,0,0,0,0,0,0,0,0.031,0,0
Ata,28,0,0,0,0,0.179,0,0,0,0,0,0,0,0.036,0,0,0,0.321,0,0,0,0,0,0,0,0,0,0,0,0,0,0,0,0.464,0,0
Nakanai,42,0,0,0,0,0.310,0,0,0.119,0.024,0,0,0,0.119,0,0.024,0,0,0.024,0,0.048,0.095,0,0.238,0,0,0,0,0,0,0,0,0,0,0,0
Bougainville,179,0.006,0.156,0.011,0.101,0.050,0,0.006,0,0,0,0,0.022,0,0.006,0,0.028,0,0,0,0.011,0.313,0.017,0.223,0.039,0,0,0,0,0,0,0,0.006,0.006,0,0
Buin,29,0,0.310,0,0.310,0.103,0,0,0,0,0,0,0,0,0,0,0,0,0,0,0,0.069,0,0.207,0,0,0,0,0,0,0,0,0,0,0,0
Buka,11,0,0,0,0,0,0,0.091,0,0,0,0,0.182,0,0.091,0,0,0,0,0,0,0,0,0.364,0.091,0,0,0,0,0,0,0,0.091,0.091,0,0
Siwai,26,0,0.192,0.038,0.077,0,0,0,0,0,0,0,0,0,0.000,0,0,0,0,0,0,0.385,0,0.308,0,0,0,0,0,0,0,0,0,0,0,0
Nagovisi,38,0,0,0,0,0,0,0,0,0,0,0,0,0,0.000,0,0.026,0,0,0,0.026,0.658,0.079,0.184,0.026,0,0,0,0,0,0,0,0,0,0,0
Nasioi,41,0,0.171,0.024,0.171,0.024,0,0,0,0,0,0,0,0,0,0,0.098,0,0,0,0.024,0.293,0,0.146,0.049,0,0,0,0,0,0,0,0,0,0,0
Torau,34,0.029,0.206,0,0,0.147,0,0,0,0,0,0,0.059,0,0,0,0,0,0,0,0,0.206,0,0.265,0.088,0,0,0,0,0,0,0,0,0,0,0
Solomons,511,0.010,0.035,0.111,0.010,0.012,0.002,0,0.002,0.002,0.006,0,0.021,0,0,0,0,0.002,0,0.001953125,0.088,0.346,0,0.250,0.051,0,0.010,0.000,0.008,0.002,0.004,0.002,0,0.016,0.006,0.004
Choiseul,33,0.121,0,0.030,0.030,0,0,0,0,0,0.030,0,0.030,0,0,0,0,0,0,0,0.152,0.333,0,0.182,0.030,0,0,0,0,0,0,0,0,0.061,0,0
Gela,40,0,0,0.250,0,0,0,0,0,0,0,0,0,0,0,0,0,0,0,0,0,0.550,0,0.125,0.075,0,0,0,0,0,0,0,0,0,0,0
Guadalcanal,50,0.020,0,0.100,0,0.060,0.020,0,0,0,0.020,0,0,0,0,0,0,0,0,0,0.060,0.300,0,0.240,0.080,0,0,0,0.080,0,0,0,0,0.020,0,0
Isabel,52,0,0,0.135,0,0,0,0,0,0,0,0,0,0,0,0,0,0,0,0,0.096,0.308,0,0.192,0.038,0,0.096,0,0,0.019,0,0,0,0.058,0.058,0
Kolombangara,18,0,0,0.056,0,0,0,0,0,0,0,0,0.056,0,0,0,0,0,0,0,0.167,0.333,0,0.389,0,0,0,0,0,0,0,0,0,0,0,0
Makira,17,0,0,0,0,0,0,0,0.059,0.059,0,0,0,0,0,0,0,0,0,0,0.118,0.118,0,0.588,0.059,0,0,0,0,0,0,0,0,0,0,0
Malaita,89,0,0,0.247,0,0.011,0,0,0,0,0,0,0.056,0,0,0,0,0.011,0,0,0.067,0.236,0,0.326,0.045,0,0,0,0,0,0,0,0,0,0,0
Ranongga,47,0,0.298,0,0.021,0,0,0,0,0,0,0,0.021,0,0,0,0,0,0,0,0.234,0.149,0,0.213,0.021,0,0,0,0,0,0.043,0,0,0,0,0
Russell,39,0,0,0.026,0,0.026,0,0,0,0,0,0,0,0,0,0,0,0,0,0,0,0.641,0,0.308,0,0,0,0,0,0,0,0,0,0,0,0
Savo,40,0,0,0.175,0,0,0,0,0,0,0,0,0,0,0,0,0,0,0,0,0.075,0.550,0,0.100,0.050,0,0,0,0,0,0,0,0,0.050,0,0
Shortlands,14,0,0.143,0,0.143,0.071,0,0,0,0,0,0,0,0,0,0,0,0,0,0,0,0.357,0,0.286,0,0,0,0,0,0,0,0,0,0,0,0
Simbo,22,0,0,0,0.045,0,0,0,0,0,0,0,0,0,0,0,0,0,0,0,0.045,0.455,0,0.364,0.091,0,0,0,0,0,0,0,0,0,0,0
Vella_Lavella,51,0,0.039,0.059,0,0,0,0,0,0,0.020,0,0.059,0,0,0,0,0,0,0.019607843,0.118,0.294,0,0.216,0.118,0,0,0,0,0,0,0.020,0,0,0,0.039
Santa_Cruz,94,0.021,0,0.021,0,0.191,0,0,0.021,0.106,0,0,0.404,0,0,0,0,0.085,0,0,0,0.043,0,0.085,0,0,0,0,0,0.021,0,0,0,0,0,0
Remote Oceania,332,0,0,0,0,0.018,0.006,0,0,0.003,0.009,0.003,0.012,0,0,0,0,0.003,0.003,0,0.054,0.557,0.003,0.211,0.060,0.039,0,0.006,0.009,0,0,0,0,0,0,0.003
Cook_Islands,65,0,0,0,0,0,0,0,0,0,0,0,0.015,0,0,0,0,0,0,0,0.046,0.646,0,0.154,0,0.138,0,0,0,0,0,0,0,0,0,0
Fiji,49,0,0,0,0,0.082,0,0,0,0.020,0.020,0,0.020,0,0,0,0,0,0.020,0,0.082,0.408,0.020,0.245,0.082,0,0,0,0,0,0,0,0,0,0,0
Futuna,48,0,0,0,0,0.021,0,0,0,0,0,0,0,0,0,0,0,0.021,0,0,0.083,0.708,0,0.146,0,0.021,0,0,0,0,0,0,0,0,0,0
Niue,21,0,0,0,0,0,0,0,0,0,0,0,0,0,0,0,0,0,0,0,0,0.571,0,0.333,0,0.095,0,0,0,0,0,0,0,0,0,0
Samoa,47,0,0,0,0,0,0.021,0,0,0,0,0,0.043,0,0,0,0,0,0,0,0.064,0.702,0,0.106,0.064,0,0,0,0,0,0,0,0,0,0,0
Tonga,52,0,0,0,0,0.019,0.019,0,0,0,0.038,0,0,0,0,0,0,0,0,0,0.058,0.462,0,0.288,0.096,0.019,0,0,0,0,0,0,0,0,0,0
Tuvalu,50,0,0,0,0,0,0,0,0,0,0,0.020,0,0,0,0,0,0,0,0,0.020,0.400,0,0.280,0.160,0,0,0.040,0.060,0,0,0,0,0,0,0.020
Polynesian Outliers,159,0,0,0,0,0,0,0,0,0,0,0,0.006,0,0,0,0,0,0,0,0.025,0.484,0.101,0.233,0.101,0,0,0,0,0,0,0,0,0,0,0.050
Bellona,38,0,0,0,0,0,0,0,0,0,0,0,0,0,0,0,0,0,0,0,0.105,0.368,0.211,0.289,0.026,0,0,0,0,0,0,0,0,0,0,0
Ontong_Java,32,0,0,0,0,0,0,0,0,0,0,0,0,0,0,0,0,0,0,0,0,0.594,0,0.156,0,0,0,0,0,0,0,0,0,0,0,0.250
Rennell,43,0,0,0,0,0,0,0,0,0,0,0,0,0,0,0,0,0,0,0,0,0.512,0.186,0.186,0.116,0,0,0,0,0,0,0,0,0,0,0
Tikopia,46,0,0,0,0,0,0,0,0,0,0,0,0.022,0,0,0,0,0,0,0,0,0.478,0,0.283,0.217,0,0,0,0,0,0,0,0,0,0
New	barbierimandenka
Population,Size,H1a,L0a,L1b,L1c,L2a,L2b,L2c,L2d,L2e,L3b,L3d,L3e,L3f,L3h,L4b,U6a
South_Samo,39,0.00,0.03,0.10,0.00,0.38,0.05,0.05,0.05,0.03,0.13,0.10,0.05,0.03,0.00,0.00,0.00
Bisa,31,0.00,0.00,0.10,0.06,0.32,0.06,0.06,0.00,0.03,0.13,0.10,0.06,0.00,0.00,0.03,0.03
Marka,28,0.04,0.07,0.07,0.07,0.29,0.07,0.07,0.00,0.00,0.04,0.07,0.11,0.11,0.00,0.00,0.00
Mandenka,22,0.00,0.00,0.32,0.00,0.23,0.00,0.18,0.00,0.00,0.09,0.09,0.09,0.00,0.00,0.00,0.00
Samoya,16,0.00,0.00,0.13,0.06,0.38,0.00,0.06,0.06,0.00,0.13,0.06,0.06,0.00,0.00,0.06,0.00
Pana,18,0.00,0.00,0.06,0.00,0.39,0.00,0.17,0.00,0.00,0.06,0.06,0.17,0.06,0.06,0.00,0.00
Lyela,37,0.00,0.08,0.19,0.03,0.27,0.03,0.11,0.00,0.00,0.03,0.11,0.14,0.03,0.00,0.00,0.00
Nuna,26,0.00,0.00,0.15,0.04,0.50,0.00,0.04,0.04,0.00,0.08,0.04,0.12,0.00,0.00,0.00,0.00
Kassena,27,0.00,0.04,0.04,0.04,0.30,0.04,0.04,0.00,0.00,0.04,0.11,0.22,0.07,0.00,0.07,0.00
Mossi,34,0.00,0.03,0.06,0.00,0.41,0.00,0.15,0.03,0.00,0.00,0.06,0.18,0.00,0.00,0.00,0.09
New	quintana-murci
Population,Size,L1,L2a,L3b,L3d,M,C,D,G,Z,N,N1,N1a,N1b,N1,N1,N9a,I,A,W,X,R,R1,R2,R5,R6,B,F,HV,HV,HV1,HV2,H,V,U,U1,U2,U2a,U2b,U2c,U2e,U3,U4,U5,U7,U8b,U9,K,J1,J2,T,T1
Burushaski,44,0.0,0.0,0.0,0.0,0.227,0.023,0.0,0.0,0.0,0.023,0.0,0.0,0.0,0.0,0.0,0.0,0.045,0.023,0.023,0.023,0.0,0.0,0.0,0.023,0.0,0.023,0.0,0.0,0.0,0.0,0.0,0.068,0.0,0.0,0.068,0.0,0.023,0.091,0.0,0.0,0.023,0.045,0.023,0.068,0.0,0.0,0.045,0.068,0.0,0.023,0.023
Turkish,50,0.0,0.0,0.0,0.0,0.0,0.0,0.02,0.02,0.0,0.0,0.0,0.0,0.02,0.0,0.0,0.0,0.02,0.04,0.0,0.06,0.0,0.0,0.0,0.0,0.0,0.0,0.0,0.04,0.06,0.0,0.0,0.26,0.0,0.0,0.06,0.0,0.0,0.0,0.0,0.02,0.02,0.02,0.08,0.02,0.02,0.0,0.06,0.06,0.02,0.08,0.0
Georgian and Chechen,58,0.0,0.0,0.0,0.0,0.018,0.0,0.0,0.0,0.0,0.0,0.0,0.0,0.069,0.0,0.0,0.0,0.018,0.0,0.052,0.086,0.0,0.0,0.018,0.0,0.0,0.0,0.0,0.034,0.0,0.0,0.0,0.224,0.0,0.0,0.052,0.0,0.0,0.0,0.0,0.034,0.034,0.034,0.018,0.0,0.0,0.0,0.086,0.086,0.0,0.103,0.034
Gujarati,34,0.0,0.0,0.0,0.0,0.441,0.0,0.0,0.0,0.0,0.029,0.0,0.0,0.0,0.0,0.0,0.0,0.0,0.0,0.088,0.0,0.088,0.0,0.0,0.0,0.0,0.0,0.0,0.0,0.0,0.0,0.0,0.059,0.0,0.0,0.0,0.0,0.088,0.059,0.029,0.0,0.0,0.0,0.0,0.088,0.0,0.0,0.0,0.029,0.0,0.0,0.0
Uzbek,42,0.0,0.0,0.0,0.0,0.119,0.024,0.095,0.024,0.0,0.0,0.0,0.0,0.0,0.0,0.0,0.071,0.0,0.071,0.024,0.0,0.0,0.0,0.0,0.024,0.0,0.0,0.024,0.0,0.048,0.0,0.024,0.214,0.0,0.0,0.0,0.0,0.0,0.0,0.0,0.0,0.024,0.048,0.0,0.048,0.0,0.0,0.0,0.071,0.0,0.048,0.0
Turkmen,41,0.0,0.0,0.0,0.0,0.049,0.073,0.22,0.0,0.0,0.0,0.0,0.024,0.0,0.0,0.0,0.0,0.0,0.024,0.0,0.024,0.0,0.0,0.0,0.0,0.0,0.024,0.024,0.049,0.024,0.0,0.024,0.22,0.0,0.0,0.0,0.0,0.0,0.0,0.0,0.024,0.0,0.024,0.0,0.0,0.0,0.0,0.0,0.098,0.0,0.049,0.024