New derenko
Population,Size,A2,A4,A5,A8,B4,B5,C*,C1,C4,C5,D2,D3,D4,D5,F1,F2a,G*,G1,G2a,G3,M*,M3a,M7,M8a2,M9a,M10,M11,M13a,Y,Z,N9a,R*,R9,R11,L2a,H,HV,HV0a,V,R0a,R2,J1,J2,T*,T1,N1,I,W,N2,U1,U2,U3,U4,U5,U7a,U8,K,X2e
Persians(n=82),0.0,0.024,0.0,0.0,0.049,0.012,0.0,0.0,0.012,0.0,0.0,0.0,0.012,0.012,0.0,0.0,0.0,0.0,0.012,0.0,0.073,0.024,0.0,0.0,0.0,0.0,0.0,0.0,0.0,0.0,0.0,0.0,0.0,0.0,0.012,0.26,0.037,0.0,0.0,0.024,0.012,0.037,0.012,0.049,0.085,0.012,0.037,0.024,0.012,0.012,0.012,0.024,0.0,0.049,0.012,0.012,0.037,0.0,
Kurds(n=25),0.0,0.0,0.0,0.0,0.0,0.0,0.0,0.0,0.0,0.0,0.0,0.0,0.12,0.0,0.0,0.0,0.0,0.0,0.0,0.0,0.0,0.0,0.0,0.0,0.0,0.0,0.0,0.0,0.0,0.0,0.0,0.0,0.0,0.0,0.0,0.12,0.08,0.0,0.0,0.0,0.0,0.12,0.08,0.04,0.08,0.0,0.0,0.0,0.0,0.12,0.0,0.0,0.0,0.0,0.16,0.04,0.0,0.04,
Tajiks(n=44),0.0,0.023,0.0,0.0,0.0,0.0,0.091,0.0,0.023,0.0,0.0,0.0,0.045,0.023,0.0,0.0,0.0,0.0,0.023,0.023,0.023,0.0,0.0,0.0,0.0,0.023,0.0,0.0,0.023,0.023,0.0,0.0,0.0,0.0,0.0,0.25,0.0,0.023,0.0,0.0,0.0,0.023,0.023,0.0,0.023,0.023,0.023,0.045,0.0,0.0,0.023,0.023,0.068,0.0,0.045,0.0,0.068,0.0,
Koreans(n=103),0.0,0.029,0.039,0.0,0.13,0.078,0.01,0.0,0.0,0.0,0.0,0.0,0.32,0.078,0.049,0.0,0.0,0.019,0.029,0.019,0.0,0.0,0.097,0.049,0.019,0.0,0.0,0.0,0.01,0.0,0.029,0.0,0.0,0.0,0.0,0.0,0.0,0.0,0.0,0.0,0.0,0.0,0.0,0.0,0.0,0.0,0.0,0.0,0.0,0.0,0.0,0.0,0.0,0.0,0.0,0.0,0.0,0.0,
Mongolians(n=47),0.0,0.13,0.0,0.0,0.11,0.043,0.064,0.0,0.085,0.021,0.0,0.0,0.11,0.0,0.064,0.0,0.0,0.021,0.085,0.0,0.021,0.0,0.021,0.043,0.021,0.021,0.0,0.0,0.0,0.021,0.021,0.0,0.0,0.0,0.0,0.0,0.0,0.0,0.0,0.0,0.0,0.0,0.0,0.0,0.0,0.021,0.0,0.0,0.0,0.0,0.0,0.0,0.064,0.0,0.0,0.0,0.021,0.0,
Kalmyks(n=110),0.0,0.027,0.0,0.009,0.027,0.009,0.018,0.009,0.055,0.027,0.018,0.0,0.22,0.055,0.055,0.0,0.009,0.009,0.064,0.0,0.0,0.009,0.018,0.0,0.027,0.009,0.0,0.0,0.018,0.018,0.045,0.009,0.0,0.0,0.0,0.036,0.055,0.0,0.0,0.0,0.0,0.009,0.027,0.009,0.009,0.0,0.009,0.0,0.0,0.0,0.018,0.0,0.018,0.009,0.009,0.0,0.027,0.0,
Buryats(n=295),0.0,0.044,0.003,0.003,0.031,0.003,0.051,0.01,0.058,0.047,0.007,0.024,0.29,0.027,0.024,0.007,0.0,0.0,0.11,0.003,0.0,0.0,0.034,0.0,0.003,0.0,0.003,0.01,0.014,0.014,0.017,0.0,0.003,0.0,0.0,0.068,0.01,0.0,0.0,0.0,0.0,0.007,0.0,0.003,0.007,0.007,0.003,0.0,0.0,0.003,0.0,0.0,0.01,0.02,0.0,0.007,0.014,0.003,
Khamnigans(n=99),0.0,0.04,0.01,0.0,0.051,0.02,0.04,0.0,0.071,0.051,0.01,0.051,0.25,0.02,0.04,0.0,0.0,0.0,0.091,0.01,0.0,0.0,0.03,0.0,0.01,0.0,0.0,0.01,0.03,0.0,0.01,0.0,0.01,0.0,0.0,0.061,0.02,0.0,0.0,0.0,0.0,0.01,0.0,0.01,0.0,0.0,0.0,0.0,0.0,0.0,0.0,0.0,0.0,0.02,0.0,0.0,0.02,0.0,
Tuvinians(n=105),0.0,0.01,0.0,0.0,0.019,0.0,0.21,0.0,0.18,0.11,0.029,0.01,0.086,0.029,0.076,0.01,0.0,0.019,0.038,0.01,0.0,0.0,0.0,0.0,0.01,0.0,0.0,0.0,0.0,0.01,0.019,0.0,0.0,0.0,0.0,0.038,0.01,0.0,0.0,0.0,0.0,0.0,0.0,0.0,0.0,0.0,0.029,0.0,0.0,0.0,0.0,0.019,0.01,0.019,0.0,0.0,0.0,0.0,
EastEvenks(n=45),0.0,0.022,0.0,0.0,0.0,0.0,0.11,0.0,0.27,0.24,0.022,0.13,0.089,0.0,0.0,0.0,0.0,0.0,0.0,0.022,0.0,0.0,0.0,0.0,0.0,0.0,0.0,0.0,0.089,0.0,0.0,0.0,0.0,0.0,0.0,0.0,0.0,0.0,0.0,0.0,0.0,0.0,0.0,0.0,0.0,0.0,0.0,0.0,0.0,0.0,0.0,0.0,0.0,0.0,0.0,0.0,0.0,0.0,
WestEvenks(n=73),0.0,0.041,0.0,0.0,0.041,0.0,0.096,0.0,0.32,0.068,0.0,0.055,0.18,0.068,0.014,0.0,0.0,0.014,0.027,0.0,0.0,0.0,0.0,0.0,0.0,0.0,0.0,0.0,0.027,0.014,0.0,0.0,0.0,0.0,0.0,0.014,0.0,0.0,0.0,0.0,0.0,0.0,0.0,0.0,0.0,0.0,0.0,0.0,0.0,0.0,0.0,0.0,0.0,0.0,0.0,0.0,0.027,0.0,
Yakuts(n=36),0.0,0.0,0.0,0.0,0.028,0.0,0.17,0.0,0.36,0.11,0.028,0.028,0.14,0.028,0.0,0.0,0.0,0.0,0.028,0.0,0.0,0.0,0.0,0.0,0.0,0.0,0.0,0.0,0.0,0.0,0.0,0.0,0.0,0.0,0.0,0.028,0.0,0.0,0.0,0.0,0.0,0.056,0.0,0.0,0.0,0.0,0.0,0.0,0.0,0.0,0.0,0.0,0.0,0.0,0.0,0.0,0.0,0.0,
Shors(n=82),0.0,0.012,0.0,0.0,0.049,0.0,0.024,0.0,0.085,0.012,0.0,0.0,0.11,0.012,0.4,0.012,0.0,0.0,0.0,0.0,0.0,0.0,0.0,0.0,0.0,0.037,0.0,0.0,0.0,0.012,0.0,0.0,0.0,0.0,0.0,0.11,0.0,0.0,0.0,0.0,0.0,0.061,0.0,0.0,0.0,0.0,0.024,0.0,0.0,0.0,0.0,0.0,0.024,0.0,0.0,0.0,0.012,0.0,
Khakassians(n=57),0.0,0.035,0.0,0.0,0.088,0.0,0.053,0.0,0.14,0.0,0.0,0.0,0.16,0.0,0.19,0.053,0.0,0.0,0.0,0.018,0.0,0.0,0.0,0.035,0.0,0.0,0.0,0.0,0.0,0.0,0.0,0.0,0.0,0.0,0.0,0.07,0.0,0.0,0.018,0.0,0.0,0.035,0.018,0.0,0.053,0.0,0.0,0.0,0.0,0.0,0.0,0.0,0.018,0.018,0.0,0.0,0.0,0.0,
Altaians-Kizhi(n=90),0.0,0.033,0.0,0.0,0.033,0.011,0.1,0.0,0.13,0.089,0.0,0.022,0.067,0.0,0.033,0.022,0.0,0.044,0.011,0.0,0.0,0.0,0.0,0.044,0.0,0.011,0.022,0.0,0.0,0.022,0.0,0.0,0.0,0.011,0.0,0.056,0.0,0.0,0.0,0.0,0.0,0.056,0.0,0.0,0.0,0.0,0.011,0.0,0.0,0.0,0.0,0.022,0.022,0.011,0.0,0.0,0.067,0.044,
Teleuts(n=53),0.0,0.0,0.0,0.0,0.038,0.0,0.15,0.0,0.057,0.075,0.0,0.0,0.23,0.019,0.057,0.0,0.0,0.0,0.0,0.0,0.0,0.0,0.0,0.0,0.0,0.0,0.038,0.0,0.0,0.057,0.0,0.0,0.0,0.0,0.0,0.075,0.0,0.0,0.057,0.0,0.0,0.0,0.0,0.0,0.057,0.0,0.0,0.0,0.0,0.0,0.038,0.0,0.019,0.0,0.0,0.0,0.019,0.019,
Telenghits(n=71),0.0,0.056,0.0,0.0,0.11,0.0,0.11,0.0,0.028,0.028,0.0,0.0,0.21,0.0,0.014,0.0,0.0,0.0,0.028,0.0,0.014,0.0,0.014,0.0,0.0,0.0,0.014,0.0,0.0,0.0,0.014,0.0,0.042,0.0,0.0,0.11,0.014,0.0,0.0,0.0,0.0,0.028,0.0,0.014,0.042,0.014,0.014,0.0,0.0,0.0,0.028,0.0,0.014,0.014,0.0,0.014,0.0,0.0,
Chukchi(n=15),0.73,0.0,0.0,0.0,0.0,0.0,0.0,0.0,0.0,0.0,0.13,0.0,0.0,0.0,0.0,0.0,0.0,0.067,0.0,0.0,0.0,0.0,0.0,0.0,0.0,0.0,0.0,0.0,0.0,0.0,0.0,0.0,0.0,0.0,0.0,0.0,0.0,0.0,0.0,0.0,0.0,0.0,0.0,0.0,0.067,0.0,0.0,0.0,0.0,0.0,0.0,0.0,0.0,0.0,0.0,0.0,0.0,0.0,
New federova
Population,Size,A,B,C,D,G,F,M*,J,T,U,H,Others
Yakuts,191.0,0.021,0.005,0.44,0.304,0.042,0.063,0.026,0.011,0.011,0.011,0.026,0.04
Chuvash,55.0,0.018,0.0,0.018,0.036,0.0,0.0,0.018,0.055,0.037,0.364,0.255,0.199
Tatars,174.0,0.023,0.0,0.017,0.029,0.012,0.0,0.023,0.081,0.081,0.247,0.316,0.171
Bashkirs,211.0,0.043,0.0,0.128,0.081,0.047,0.062,0.01,0.033,0.052,0.275,0.142,0.127
Uighurs,55.0,0.073,0.073,0.018,0.164,0.0,0.073,0.073,0.0,0.018,0.164,0.2,0.144
Kazakhs,52.0,0.096,0.058,0.077,0.192,0.058,0.019,0.058,0.0,0.077,0.057,0.154,0.154
Kyrgyz,92.0,0.033,0.065,0.141,0.196,0.076,0.033,0.065,0.054,0.033,0.033,0.185,0.086
Soyots,34.0,0.088,0.029,0.176,0.5,0.0,0.0,0.0,0.0,0.0,0.059,0.0,0.148
Itelmen,66.0,0.682,0.0,0.106,0.121,0.091,0.0,0.0,0.0,0.0,0.0,0.0,0.0
Chukchi,79.0,0.772,0.0,0.025,0.203,0.0,0.0,0.0,0.0,0.0,0.0,0.0,0.0
Eskimo,51.0,0.039,0.0,0.843,0.098,0.0,0.02,0.0,0.0,0.0,0.0,0.0,0.0
Evenks,65.0,0.046,0.0,0.262,0.154,0.0,0.015,0.0,0.0,0.0,0.0,0.0,0.523
New
Population,Size,A,B,C,D,H,H1,H3,H4,H5,H8,I,J,J1,J1a,J1b,J1b1,J2,K,K1,K2,K2a,K2b,T,T1,T2,T3,U,U1,U2,U3,U4,U5,U5a,U5a1,U5b,U5b1,U6,U7,V,W,X,Z,Other
EuropeanRussia,215,0.0,0.0,0.0186,0.0186,0.3349,0.0558,0.0,0.0,0.0,0.0326,0.014,0.0651,0.0,0.0,0.0047,0.0,0.0093,0.0186,0.0,0.0093,0.0,0.0,0.0465,0.0372,0.0186,0.0,0.0,0.0047,0.0,0.0047,0.0837,0.0,0.0791,0.0093,0.0233,0.0279,0.0,0.0,0.0419,0.0233,0.0,0.0047,0.014
Germany,527,0.0,0.0,0.0019,0.0038,0.3833,0.0436,0.0114,0.0152,0.0076,0.0285,0.0228,0.0683,0.0076,0.0133,0.0,0.0019,0.0019,0.0569,0.0019,0.0076,0.0,0.0,0.0626,0.0247,0.0019,0.0019,0.0019,0.0038,0.0057,0.0114,0.0266,0.0019,0.0493,0.0019,0.038,0.0,0.0,0.0,0.0512,0.0209,0.0076,0.0,0.0114
Iceland,467,0.0,0.0,0.0043,0.0,0.2827,0.0835,0.0043,0.0964,0.0043,0.0043,0.0471,0.0685,0.0,0.0043,0.0,0.0557,0.0128,0.0493,0.0236,0.0043,0.0,0.0,0.0214,0.0043,0.0257,0.0493,0.0021,0.0,0.0,0.0,0.0214,0.0043,0.0557,0.0,0.0343,0.0,0.0,0.0,0.0171,0.0021,0.015,0.0021,0.0
Ireland,28,0.0,0.0,0.0,0.0,0.4141,0.0234,0.0156,0.0234,0.0,0.0,0.0234,0.1172,0.0,0.0078,0.0,0.0078,0.0078,0.0547,0.0078,0.0078,0.0078,0.0,0.0703,0.0234,0.0,0.0,0.0,0.0,0.0078,0.0,0.0234,0.0078,0.0469,0.0,0.0078,0.0,0.0,0.0,0.0703,0.0234,0.0,0.0,0.0
Orkney,152,0.0,0.0,0.0,0.0,0.4079,0.0658,0.0,0.0066,0.0,0.0263,0.0329,0.0789,0.0,0.0,0.0,0.0197,0.0,0.0526,0.0132,0.0,0.0,0.0,0.0263,0.0329,0.0,0.0,0.0,0.0,0.0,0.0,0.0066,0.0263,0.0592,0.0132,0.0197,0.0,0.0,0.0,0.0132,0.0197,0.0724,0.0,0.0066
Scandinavia,645,0.0016,0.0,0.0,0.0016,0.3969,0.0341,0.0062,0.0233,0.0062,0.0186,0.0186,0.0682,0.0047,0.0155,0.0,0.014,0.0,0.0403,0.0047,0.0016,0.0031,0.0,0.0651,0.014,0.0093,0.0,0.0,0.0016,0.0016,0.0078,0.0217,0.0171,0.0682,0.0047,0.0171,0.0233,0.0,0.0,0.0574,0.0155,0.0062,0.0062,0.0047
Scotland,891,0.0,0.0011,0.0,0.0,0.3838,0.0303,0.0056,0.0123,0.0011,0.0236,0.0438,0.0864,0.0056,0.0045,0.0011,0.0348,0.0112,0.037,0.0079,0.0101,0.0056,0.0056,0.0763,0.0224,0.0022,0.0,0.0,0.0,0.0079,0.0123,0.0247,0.0112,0.0505,0.0,0.0101,0.0,0.0,0.0011,0.0426,0.009,0.0168,0.0,0.0011
England/Wales,429,0.0023,0.0,0.0,0.0,0.4079,0.0443,0.0093,0.0303,0.0163,0.014,0.0303,0.1072,0.0047,0.0163,0.0,0.014,0.0023,0.0513,0.0023,0.0047,0.0,0.0023,0.0536,0.021,0.0023,0.0,0.0,0.0,0.007,0.007,0.0163,0.0093,0.035,0.007,0.014,0.0,0.0,0.0,0.0373,0.0163,0.0093,0.0,0.0047
WesternIsles/Isle of Skye,246,0.0041,0.0,0.0,0.0,0.2724,0.0122,0.0122,0.0325,0.0,0.0163,0.065,0.1057,0.0122,0.0,0.0,0.0122,0.0163,0.0854,0.0081,0.0041,0.0122,0.0244,0.0894,0.0325,0.0041,0.0,0.0,0.0203,0.0041,0.0244,0.0041,0.0244,0.0488,0.0,0.0081,0.0,0.0,0.0,0.0203,0.0041,0.0203,0.0,0.0
New
Population,Size,L2,M/N,I/W/N,A1,A1a,A1b,A1b1,A2a,A2b,N9a,N9b,Y,HV,JT,UK,R9a,R11,B,B4,B4a,B4a1,B4a2,B4a3,B4b,B4b1,B4c1,B4c1b,B4c2,B4f,B5,B5a,B5a1,B5b,B5b1,B5b2,B5b3,F,F1a,F1a1,F1b,F1c,F2,F2a,F2a1,F3,F4,F4b,M,M (PNG),M5/D4a/G1,M7a,M7a1,M7b,M7b1,M7b2,M7c,M8,M8a,M8a2,C,C1,C4a,C5,Z,G,G1a1/D,G2a,G2a1,G5,M9,M9a,M10,M12,D,D4,D4a,D4a1,D4b,D4d,D4k,D4n,D5,D5a
Japanese, 1312, -,0.013, -, -,0.0213,0.0457,0.0015, -, -,0.0457,0.0213,0.0038,0.0091, -, -,0.0008, -,0.013,0.0076,0.0084,0.0084, -, -,0.0053,0.0213,0.016,0.0061,0.0008,0.003, -, -,0.0061,0.003,0.0099,0.0229,0.0008,0.0023,0.0015,0.0152,0.0313, -, -,0.0015,0.0008,0.0008, -, -,0.0038, -,0.0046,0.0739,0.0008, -,0.0008,0.0473,0.0076,0.0015,0.0122, -, -,0.003,0.0008,0.0008,0.013,0.0053,0.0213,0.0168,0.0252, -, -,0.0244,0.013,0.0008,0.0008,0.189,0.0739,0.0053,0.0236,0.0267,0.0015,0.0061,0.0373,0.0107
Ryukyuan, 50, -,0.18, -, -, -,0.02, -, -, -, -,0.02, -,0.04, -, -, -, -, -,0.02, -,0.02, -, -, -,0.02, -, -, -,0.04, -, -, -,0.02, -, -, -, -, -, -,0.02, -, -, -, -, -, -, -,0.02, -, -,0.12,0.14, -, -,0.08,0.02, -, -, -, -, -, -, -, -, -, -,0.04, -, -, -,0.04, -, -, -,0.02, -,0.04,0.06, -, -, -,0.02, -
Ainu, 51, -,0.0196, -, -, -,0.0392, -, -, -, -,0.02,0.216, -, -, -, -, -, -, -, -, -, -, -, -, -, -, -, -,0.02, -, -, -, -, -, -, -, -, -, -,0.02, -, -, -, -, -, -, -,0.0392, -,0.137,0.157, -, -, -,0.0392, -, -, -, -, -, -, -, -, -, -,0.0588, -,0.0392, -, -,0.0196, -, -, -,0.0784,0.0196, -, -, -, -,0.0392, -,0.0392
Chinese, 213, -,0.0329, -, -, -,0.0516,0.0047, -, -,0.0376, -,0.0329,0.0047,0.0282, -,0.0188,0.0094,0.0047,0.0188,0.0235, -,0.0047,0.0047,0.0188, -, -,0.0188, -, -, -,0.0188,0.0047, -, -,0.0047, -,0.0094,0.0047,0.0282,0.0282,0.0141,0.0047,0.0047, -, -,0.0047, -, -, -,0.0094, -,0.0141,0.0047,0.0235,0.0047,0.0188,0.0047,0.0423, -,0.0141, -,0.0047, -,0.0235, -, -,0.0188,0.0516, -, -,0.0563,0.0235, -,0.0047,0.127,0.0423,0.0094,0.0141,0.0094, -, -,0.0188,0.0141
Chinese, 435, -,0.0161, -, -, -,0.0736,0.0046, -, -,0.0138, -,0.0138,0.0184,0.0115,0.0138,0.0069,0.0046,0.0184,0.0253,0.0161, -, -, -,0.0161, -, -, -, -, -, -,0.0069,0.0138,0.0138, -,0.0115, -,0.023,0.0161,0.0184,0.0299,0.0115,0.0046,0.0092, -,0.0046, -, -, -, -,0.0023,0.0023,0.0138,0.0046,0.0299,0.0069,0.0207, -,0.0092,0.0023,0.0667,0.0046,0.0092,0.0023,0.0276, -,0.0023, -,0.0092, -, -,0.0161,0.0184, -,0.0046,0.209, -,0.0138,0.0161,0.0069,0.0115,0.0023,0.0322,0.0391
(Chinese3) = Lahu, 32, -, -, -, -, -, -, -, -, -, -, -, -, -, -, -, -,0.125, -,0.0938, -, -, -,0.156, -, -, -, -, -, -, -, -, -, -, -, -, -, -,0.156,0.156, -, -,0.0313, -, -, -, -, -, -, -,0.188, -, -, -, -, -, -, -, -, -, -, -, -, -, -, -, -, -, -, -, -, -, -, -, -,0.0625, -, -, -,0.0313, -, -, -, -
Taiwanese, 208, -,0.024, -, -, -,0.0048, -, -, -, -, -,0.0096, -, -, -,0.0769, -, -, -,0.149,0.0048, -, -,0.0433, -, -,0.0481, -, -,0.0048,0.0625, -, -, -, -, -,0.0192, -,0.0721, -, -, -, -, -, -, -,0.101, -, -, -, -,0.0048, -,0.12, -,0.0433, -, -, -, -, -, -, -, -, -, -, -, -, -, -, -, -, -, -,0.135,0.0048, -, -, -, -, -,0.0625, -
Mansi, 98, -,0.0102, -, -, -,0.0306, -, -, -, -, -, -,0.184,0.194,0.255, -, -, -, -, -, -, -, -, -, -, -, -, -, -, -, -, -, -, -, -, -, -, -, -,0.0102, -, -, -, -, -, -, -, -, -, -, -, -, -, -,0.0102, -, -, -, -,0.122, -,0.0408,0.0102, -, -, -, -,0.0612, -, -, -, -, -,0.0204,0.0306, -, -,0.0102, -, -, -,0.0102, -
Koryak, 91, -, -, -, -, -,0.033, -, -,0.022, -, -,0.0989,0.011, -, -, -, -, -, -, -, -, -, -, -, -, -, -, -, -, -, -, -, -, -, -, -, -, -, -, -, -, -, -, -, -, -, -, -, -, -, -, -, -, -, -, -, -, -,0.209,0.264, -, -, -,0.0879, -, -, -, -,0.275, -, -, -, -, -, -, -, -, -, -, -, -, -, -
Korean, 537, -,0.0596,0.0037,0.0019,0.0354,0.0298,0.0074, -,0.0037,0.0391,0.0019,0.0223,0.0112, -, -, -, -, -,0.0074,0.0056,0.0056, -, -,0.0074,0.0056,0.0074,0.0056, -,0.0038, -, -,0.0354,0.0019, -,0.0093, -,0.0037,0.0074,0.0112,0.0205,0.0019, -,0.0019, -,0.0019, -, -,0.0019, -,0.0168,0.0335, -, -,0.0056,0.0279,0.0372,0.0037,0.0168,0.0037,0.0037, -,0.0037,0.0074,0.0149,0.0037,0.0205,0.0186,0.0149, -, -,0.0317,0.0466,0.0019,0.0019,0.184,0.0577,0.0242,0.0093,0.0093,0.0019,0.0019,0.0298,0.0056
Tibetan, 65, -,0.0923, -, -, -,0.0615, -, -,0.0308, -, -, -, -, -, -, -, -, -,0.0154, -, -, -, -, -, -, -, -, -, -, -, -, -, -, -, -, -,0.0154, -, -, -,0.0154, -, -, -, -, -, -, -, -, -, -, -, -, -, -,0.0308, -, -, -,0.0154, -, -, -,0.0923, -, -, -, -, -, -,0.108,0.0769,0.0615, -,0.123, -,0.0154,0.185, -,0.0308, -,0.0154,0.0154
SakaiTrangThailand = Semang, 20,0.05, -, -, -, -, -, -, -, -, -, -, -, -, -, -, -, -, -, -, -, -, -, -, -, -, -, -, -, -, -, -, -, -, -, -, -, -, -, -, -, -, -, -, -, -, -, -, -, -,0.05, -, -, -, -, -, -, -, -, -, -, -, -, -, -, -,0.1, -, -, -, -, -, -, -, -, -,0.8, -, -, -, -, -, -, -
Philippines,32, -,0.0625, -, -, -, -, -, -, -, -, -,0.0313,0.0313, -, -,0.0313, -,0.0313, -, -, -, -, -, -, -, -, -, -, -, -,0.0313, -,0.125, -, -, -, -,0.125, -, -, -, -, -, -, -,0.0313, -, -, -, -,0.0625,0.0313, -, -, -,0.188, -, -, -, -, -, -, -, -, -, -, -, -, -, -, -, -, -, -,0.188, -, -, -, -, -, -,0.0313, -
Indonesia, 40, -,0.1, -, -, -, -, -, -, -,0.025, -,0.025,0.05, -,0.05, -, -, -, -, -, -, -, -, -, -, -, -, -, -, -, -, -, -, -, -, -, -,0.35,0.05, -, -, -, -,0.025, -,0.025, -, -,0.1,0.025, -, -, -,0.025, -,0.025, -, -, -, -, -, -, -, -, -, -, -, -, -, -, -, -, -, -,0.075, -, -, -, -, -,0.025,0.025, -
New
Population,Size,L1,L2,L3,D,M1,M5,N,I,W,X,R1,J/T,T,J,U,U6,K,HV,H,V
Algerians,47,6.4,6.4,14.9,-,12.8,-,-,-,-,2.1,-,-,4.2,12.8,2.1,-,4.2,34,-
Mauritanians,30,23.4,13.4,6.7,-,-,-,-,-,-,-,-,-,-,3.3,3.3,20,6.6,-,20,3.3
Moroccan Arabs,50,10,6,16,-,2,-,-,-,-,4,-,-,4,4,12,8,4,-,26,4,
Moroccan Berbers,64,1.6,-,1.6,-,-,-,-,-,-,-,-,1.6,15.6,9.4,6.2,7.8,7.8,-,42.2,6.2
Mozabites,85,-,5.9,7,-,4.7,-,-,-,-,-,-,-,4.7,3.5,12.9,28.2,-,-,24.7,8.2.
Saharawis,56,3.6,7.1,23.3,-,-,-,-,-,-,-,-,-,1.8,-,8.9,5.4,7.1,7.1,17.9,17.9,
South Berbers,50,6,10,10,-,-,-,-,-,-,-,-,-,4,10,8,6,2,2,32,10
Tunisians,47,-,12.8,14.9,-,4.2,-,-,2.1,-,2.1,-,-,6.4,4.2,6.4,4.2,6.4,6.4,23.4,-
Northwest Africans,429,6.4,7.7,11.8,-,3,-,-,0.3,-,1,-,0.2,5.1,5.9,7.5,9.9,4.8,1.9,27.5,6.2
Andalusians,158,-,0.6,1.3,-1.9,1.9,0.6,1.9,1.3,3.2,-,0.6,4.4,7,10.1,1.9,6.3,2.5,46.2,5.7
Basques,173,-,-,-,-,-,-,-,-,-,1.7,1.7,-,5.2,4,13.3,-,5.2,-,57.8,10.4
Catalans,78,-,-,1.3,-,-,-,1.3,-,5.1,2.6,-,-,7.7,2.6,9,-,6.4,1.3,56.4,5.1
Central Spain,50,2,2,-,-,-,2,-,-,2,2,-,-,10,8,20,2,2,2,46,-
Galicians,103,-,1,1,-,-,-,-,-,1.9,1,-,-,10,8,20,2,2,2,46,-
Valencia,30,-,3.4,-,-,-,-,6.6,-,-,-,-,-,-,6.6,16.6,-,10,3.4,53.3,-
Portugal,54,-,1.8,1.8,-,-,-,-,-,-,-,-,-,11.1,5.6,9.3,5.6,7.4,3.7,48.1,3.7
North Portuguese,100,1,3,1,-,-,-,-,1,2,-,-,-,11,6,16,7,3,-,41,8
Central Portuguese,82,1.3,2.4,2.4,-,1.3,-,1.3,-,1.3,3.6,-,-,11,6.1,14.6,-,3.7.3,-,37.8,7.3
South Portuguese,59,1.7,1.7,1.7,-,-,-,-,1.7,-,1.7,-,-,10.2,8.5,11.9,-,6.8,-,44.1,6.8
Iberians,887,0.6,1.6,1,-,0.3,0.4,1,0.5,1.4,1.6,0.2,0.1,7.3,6.5,13.1,1.8,5.8,1.4,49.2,5
Central Italy,83,-,-,1.2,1.2,-,-,-,-,1.2,3.6,-,-,15.7,6,9.6,-,7.2,1.2,47,4.8
Sardinians,73,1.4,1.4,-,-,1.4,-,1.4,-,1.4,1.4,-,-,12.3,5.5,12.3,-,5.5,2.7,50.7,2.7
Sicily,169,-,0.6,-,-,1.8,-,1.2,1.2,1.8,2.9,-,1.8,8.3,5.3,4.7,0.6,2.9,-,50.3,5.9
South Italy,37,2.7,-,5.4,-,-,-,2.7,-,5.4,5.4,2.7,2.7,13.5,2.7,5.4,-,2.7,-,45.9,2.7
Tuscans,49,-,-,2,-,-,-,-,4.1,2,6.1,-,-,10.2,14.3,12.2,-,8.2,2,38.8,-
Italians,411,0.8,0.4,1.7,0.2,0.6,-,1.1,1.1,2.4,3.9,0.5,0.9,12,6.8,8.8,0.1,5.3,1.2,46.5,3.2
New	yunusbayev
Population,Size,A,B,C,D,E,F,G,H,HV*,HV0,HV1,HV2,I,J,K,L,M,M1,N,N1a,N1b,N1c,N1d,N2a,N9,R,R0a,T*(xT1),T1,U,U1,U2,U3,U4,U5,U6,U7,U8,U9,V,W,X,Y,Z
Andi,62,0,0,0,0,0,0,4,5,0,0,0,0,8,5,0,0,0,0,0,0,3,0,0,0,3,0,1,8,0,0,2,2,2,0,4,0,2,0,0,0,1,12,0,0
Avar,61,0,3,0,0,0,0,0,14,4,0,1,0,1,1,8,0,0,0,0,0,0,0,0,0,0,0,0,1,0,0,5,0,0,4,8,0,0,0,0,3,5,3,0,0
Chamalal,34,0,0,0,0,0,0,0,23,1,0,0,0,0,0,0,0,0,0,0,0,0,0,2,0,0,3,0,1,1,1,0,0,0,0,0,0,0,0,0,0,0,0,0,0
Bagvalal,33,0,0,0,0,0,0,0,14,7,0,0,0,0,0,0,0,0,0,0,0,1,0,0,0,0,2,0,6,0,0,0,0,0,2,0,0,1,0,0,0,0,0,0,0
Tabasaran,52,0,0,0,2,0,0,0,9,0,0,0,1,0,7,3,0,0,0,0,1,2,0,0,0,0,0,0,2,2,1,1,4,4,4,5,0,0,1,0,0,0,3,0,0
Chechen,176,0,0,2,2,0,0,0,43,2,0,0,0,8,6,10,0,0,2,0,0,6,0,0,1,4,3,0,31,3,0,2,6,8,8,15,0,3,0,0,1,7,3,0,0
Dargin,110,0,0,0,0,0,1,0,26,8,0,2,0,7,12,13,0,0,0,0,0,0,0,0,1,0,0,0,2,2,0,2,4,2,7,15,0,0,0,0,1,1,4,0,0
Ingush,103,0,0,2,3,0,0,0,29,1,0,0,0,8,3,4,0,0,5,0,0,0,0,0,0,5,0,0,4,2,2,2,2,9,3,14,0,1,0,0,1,2,1,0,0
Kumyk,112,0,0,0,1,0,0,3,27,2,0,0,2,6,9,3,0,0,1,0,0,1,0,0,0,1,1,0,11,2,0,5,3,7,7,6,0,5,1,0,0,2,6,0,0
Lezgian,46,0,0,0,2,0,0,0,11,0,0,0,2,6,5,0,0,0,0,0,0,0,0,0,0,4,0,2,0,0,0,0,3,3,6,0,0,0,0,0,0,2,0,0,0,0,0,0,2,0,0
Abaza,105,0,0,5,5,0,0,1,29,0,1,0,0,3,4,5,0,0,3,0,0,0,0,0,0,0,2,0,3,1,0,1,6,12,1,11,0,0,0,0,0,4,6,0,2
Adyghe,155,0,1,2,1,0,0,0,57,2,1,3,0,5,2,13,0,0,1,0,1,0,0,0,0,0,8,0,10,4,0,2,4,7,3,15,0,1,0,0,0,7,5,0,0
Kabardian,150,0,0,10,5,0,1,0,21,3,0,4,0,2,12,9,0,1,1,0,0,1,0,0,0,0,3,0,9,6,0,5,7,15,3,11,0,0,1,0,0,9,10,1,0
Ossetian,138,0,0,2,11,0,0,1,25,2,6,4,0,0,17,12,0,0,4,0,0,2,0,0,0,1,1,0,5,3,0,7,3,6,1,10,0,0,0,0,0,4,9,1,1
Abkhaz,136,1,0,8,4,0,1,0,32,2,0,2,0,3,2,5,0,0,1,0,0,0,0,0,0,0,8,0,1,5,0,9,5,10,7,10,0,0,0,0,0,7,13,0,0
Armenian,36,0,0,0,0,0,0,0,12,3,0,0,1,1,2,1,0,0,0,0,1,0,0,0,0,0,2,3,3,1,1,0,4,0,0,0,0,0,0,0,0
Balkarians,140,2,0,0,4,0,0,1,35,3,0,2,0,1,1,8,0,0,0,0,0,2,0,0,0,0,5,0,10,5,0,11,5,9,1,2,0,3,0,0,1,19,10,0,0
New	barbieri
Population,Size,L0d,L0k,L0d1,L0d2,L0d3,L0k1a,L0k2
New
Population,Size,L1-3,M,M2,M3,M5,M9bp,U2i/U7,U1/U3-6/U*,HV/TJ/N1/X,B/F,R*
Chenchu,96,0,93,17,1,18,3,0,0,0,0,1
Koya,81,0,56,15,5,0,17,1,0,0,0,25
Tamil Nadu,49,0,35,1,12,0,0,6,2,0,0,6
New	metspalu
Population,Size
New	wen
Population,Size,A,A6,B,B4,B4a,B4b1,B4e,B4f,B5,B5a,B5b,C,C5,D,D5,D5a,F,F1,F1a,F1a1,F1a1a,F1b,F1c,F2a,F3,G,G2,G3,M*,M7,M7b,M7b1,M7c1,M8,M8a,N*,N9a,R*,R9,R9b,R9c,Y,Z
Hmong,103,7,2,0,2,5,3,1,1,0,6,1,8,2,15,3,2,3,0,2,4,3,2,0,0,1,2,1,2,7,1,4,0,0,0,2,1,2,1,0,4,1,1,1
Miao,370,3.0,4.0,1.0,14.0,35.0,15.0,9.0,3.0,1.0,43.0,2.0,9.0,11.0,38.0,3.0,1.0,4.0,1.0,14.0,10.0,10.0,8.0,2.0,4.0,7.0,1.0,12.0,0.0,25.0,8.0,14.0,16.0,0.0,1.0,1.0,0.0,11.0,10.0,4.0,10.0,3.0,0.0,2.0
New	pengcham
Population,Size,A,B*,B4*,B4a*,B4a1a1,B4a2,B4b1,B4c1b,B4c2,B4g,B5a,B5b,C,D*,D5,E1,E2,F1*,F1a*,F1a1*,F1a1a,F2,F3a,F3b,F4,G,L,M*,M10,M12,M17,M19,M20,M21a,M21b,M21c,M21d,M22,M33c,M47,M50,M51,M7*,M71,M72,M73,M77,M7b*,M7b1,M7b3,M7c*,M7c1*,M7c3c,M8a,M9,N*,N10,N21,N22,N23,N9a*,N9a6,P,Q,R*,R11,R21,R22,R23,R9b,R9c,R9d,U,W,Y,Z
Cham,168,0,0,0,4.2,0,0,0.6,2.4,10.7,1.2,16.1,1.8,0.6,1.8,0,0.6,0.6,1.8,1.8,1.2,6.0,0,0,0,0,0.6,0,0,0,1.2,4.2,0,0.6,0,0,0,2.4,0.6,0,0,1.8,1.2,0,0.6,0,2.4,2.4,2.4,3.0,0,1.2,0,1.2,1.8,1.2,0,0,1.8,0,0,4.2,3.0,0,0,0,1.2,0,4.2,1.2,3.0,1.8,0,0,0,0,0
Kinh,139,0,0.7,2.9,3.6,0,0,0.7,2.2,2.9,5.0,12.9,0.7,4.3,0.7,2.2,0,0,2.9,6.5,4.3,5.8,0,0.7,0,0.7,0.7,0,0,0.7,1.4,0,0,0.7,0,0,0,0,0.7,0.7,0,0,1.4,0.7,0,0.7,0,0,4.3,6.5,0,1.4,2.9,0,0.7,2.9,0,0,0,0,0.7,0.7,0.7,0,0,0,0,0,0,0,4.3,2.2,0.7,0,0.7,0,3.6
Viet,292,1.7,1.7,2.7,2.4,0,0,1.0,1.7,1.0,1.4,7.9,0.7,3.4,4.1,2.4,0,0,1.7,9.2,5.1,6.2,0.7,0.7,0,0,1.7,0,3.4,1.4,1.7,0.3,1.0,0.3,0,0,0,0,0,0.3,0.3,0,0.3,0,1.7,0,0,0,5.5,5.8,0.3,1.0,2.4,0,1.4,0.7,0,0.7,0,0.3,0,2.7,1.7,0,0,0.7,0,0,0,0,3.4,1.4,1.4,0.7,0.3,0,1.0
Thailand,533,1.5,0.9,2.6,2.6,0,0,0.8,0.2,2.1,1.5,8.8,0,3.0,3.4,1.3,0,0,1.7,7.5,1.3,8.8,1.5,2.3,0,0.4,1.3,0,12.0,0.2,1.7,0.2,0,1.3,0.4,0,0,0.4,0.4,0,0,0.2,1.1,0.2,2.8,0,0.2,0,3.4,4.1,0,1.1,0.2,0.2,0.4,0.8,0.4,1.1,1.9,0.4,0.4,1.5,0.4,0,0,2.3,0.2,0,1.1,0,2.8,0.9,1.1,0.2,0,0,0.8
Cambodia,31,0,3.2,0,0,0,0,0,0,16.1,0,0,0,0,0,0,0,0,0,0,0,25.8,0,0,0,0,0,0,22.6,0,0,6.5,0,0,0,0,0,0,0,0,0,0,0,0,0,0,3.2,0,0,0,0,0,0,0,0,0,0,0,6.5,0,0,0,0,0,0,3.2,0,0,6.5,0,3.2,0,3.2,0,0,0,0
Hainan,159,1.3,3.8,0.6,8.8,0,0,3.1,3.8,0.6,0.6,6.3,0.6,5.0,1.3,0,0,0,0,0,1.9,0.6,2.5,1.3,0,3.8,3.8,0,3.8,0.6,2.5,0,0,0,0,0,0,0,0,2.5,0,0,0.6,5.0,0.6,0,0,0,2.5,6.9,0,0,1.9,0,3.8,0,2.5,0.6,0,0,0,1.9,0,0,0,4.4,1.3,0,0,0,5.7,1.3,1.3,0,0,0,0.6
Formosa,718,0,0,0.4,1.0,9.2,5.7,10.3,0.4,0,0,5.4,0,0,1.1,4.2,12.0,0.4,0,1.9,2.9,0,0.1,0,7.9,12.0,0.1,0,0.7,0.6,0.3,0,0,0,0,0,0,0,0,0,0,0,0,0,0,0,0,0,0.1,0.7,10.9,0,1.4,4.9,0,0,0,0,0,0,0,1.8,0,0,0,0,0,0,0,0,0,2.1,0,0,0,1.4,0
Philippine,543,0,0.2,0,12.0,0.4,0,7.4,4.6,0,0,0.9,7.4,0,0.2,1.5,12.7,3.5,0,7.4,0,0.2,0,0,3.9,0.4,0,0,2.6,0,0,0.9,0,0.2,0.4,0,0.2,0,0,0,0,0,0,0.2,1.3,0.2,0.4,0,0.2,1.3,2.9,0,0.9,10.9,0.2,0,0.2,0,0,0.6,0,0,0,1.1,0,2.8,0,0,0,0,0,4.8,0,0,0,5.3,0.2
OrangAsli,280,0,1.1,0,0.7,0,0,0,0,0,0,0.7,5.4,0,0,0,0,0,0,0,0,10.0,0,0,0,0,0,0,2.5,0,0,0,0,0,25.4,3.9,0.7,0,2.1,0,0,0,0.4,0,0,0,0,0,0,0,0,0,0.4,2.9,0,0,0,0,8.6,1.4,0,0,6.1,0,0,0,0,19.3,0,0,8.6,0,0,0,0,0,0
MelayuMalay,388,0.3,0,0,2.1,0.3,0,1.3,3.1,2.1,0,8.2,1.8,1.3,2.3,2.3,8.0,1.0,0.3,5.9,0,4.9,0,0.3,0.3,0,0.3,0.3,9.0,0,1.3,0.5,0.3,1.8,2.8,0.5,0.5,0,1.0,0,0,1.3,1.3,0.5,1.8,0,1.3,0.5,1.3,2.6,0,0,0.3,7.2,0.5,0.3,0.5,0,1.3,0.3,0.5,0.8,2.1,0,0.3,3.9,0,0.5,1.0,0,2.1,0.3,0,1.5,0,0.8,1.5
Indonesia,54,0,0,0,3.7,0,0,0,3.7,5.6,0,7.4,0,0,0,1.9,11.1,0,0,5.6,1.9,9.3,0,0,1.9,0,0,0,14.8,0,0,0,1.9,3.7,1.9,1.9,0,0,0,0,0,0,1.9,0,0,0,0,0,0,1.9,0,0,0,7.4,0,1.9,0,0,0,1.9,0,0,1.9,0,1.9,0,0,0,0,0,0,0,0,0,0,3.7,1.9
Sumatra,180,0,3.9,0,6.1,0,0,0.6,4.4,2.2,0,3.9,2.2,0,0,0,6.1,0.6,0,8.3,0,5.0,0,0,0,1.7,0,0,9.4,0,1.7,0.6,0.6,3.9,0,0.6,0,0,0,0,1.1,2.8,1.7,2.8,0.6,0,0,0,0.6,1.7,0,0,0,8.9,0,0,1.1,0,0.6,0,2.2,0,3.3,0,0,1.1,0,0,0.6,0,1.7,0,0,0.6,0,6.7,0.6
Java,46,0,4.3,0,2.2,0,0,0,2.2,0,0,2.2,0,2.2,0,0,2.2,0,0,17.4,2.2,4.3,0,0,0,0,0,0,19.6,0,0,2.2,0,0,0,0,0,0,0,0,0,0,0,0,0,0,0,0,0,2.2,0,0,0,10.9,0,0,0,0,0,0,15.2,0,2.2,0,0,0,0,0,2.2,0,4.3,0,0,0,0,2.2,0
Borneo,157,0,0,0.6,7.0,1.3,0,1.9,1.9,5.7,0,4.5,1.3,1.3,0.6,1.3,10.8,3.2,0,4.5,1.3,0.6,0,0,5.7,0,0,0,8.9,0,1.3,0,0,2.5,1.3,1.3,0,0,0,0,0,0,4.5,0.6,0,0,0,0,1.3,0.6,0,0,0.6,7.0,0,0.6,3.8,0,0,0,0,0,0.6,0,1.3,1.9,0.6,0,1.9,0,0.6,1.9,0.6,0,0,1.9,0.6
Sulawesi,237,0,0.4,0.4,5.1,3.8,0,0.8,3.8,0.8,0,2.5,2.5,0.4,2.5,8.4,23.2,3.0,0.4,8.9,0.4,1.3,0,0,0,0,0,0,3.0,0,0,0.4,0,1.3,0,0.4,0,0,0,0,0,0.4,2.1,1.3,0,0,0,0,0,0.4,1.3,0.4,0,11.0,0,0,0,0,0.4,0,0,0,0.8,1.3,2.5,0,0,0,0.8,0,0.8,0.8,0,0,0,1.7,0
Bali,82,0,0,1.2,2.4,0,0,0,6.1,7.3,0,4.9,0,0,0,1.2,6.1,0,0,4.9,4.9,2.4,0,0,0,0,0,0,15.9,0,1.2,3.7,0,1.2,0,0,0,3.7,0,0,0,0,2.4,1.2,0,0,0,0,1.2,4.9,0,0,0,6.1,0,0,0,0,1.2,0,0,0,0,0,1.2,0,0,0,6.1,6.1,0,0,1.2,0,0,1.2,0
Lombok,44,0,0,0,4.5,0,0,0,0,0,0,6.8,2.3,2.3,0,2.3,9.1,0,0,13.6,0,9.1,0,0,0,0,0,0,6.8,0,0,2.3,0,0,0,0,0,0,2.3,0,0,0,6.8,0,2.3,2.3,0,0,0,9.1,0,0,0,2.3,0,0,0,0,0,0,0,0,0,0,0,0,0,0,11.4,0,4.5,0,0,0,0,0,0
Sumba,50,0,0,0,2.0,0,0,0,0,0,0,0,0,0,0,0,14.0,2.0,0,14.0,2.0,4.0,0,0,2.0,0,0,0,6.0,0,0,2.0,2.0,0,0,0,0,0,0,0,0,0,0,2.0,0,0,0,0,0,0,8.0,0,0,12.0,0,0,0,0,0,8.0,0,0,0,4.0,4.0,0,0,0,8.0,2.0,0,2.0,0,0,0,0,0
Alor_1,45,0,0,0,0,2.2,0,0,6.7,0,0,4.4,0,0,2.2,0,11.1,0,0,8.9,0,2.2,0,2.2,0,0,0,0,2.2,0,0,2.2,0,0,0,0,0,0,0,0,0,0,2.2,0,0,0,2.2,0,0,0,0,0,0,4.4,0,0,0,0,4.4,0,0,0,0,0,28.9,0,0,0,2.2,0,0,11.1,0,0,0,0,0
Ambon,43,0,0,0,9.3,14.0,0,4.7,0,0,0,7.0,0,0,4.7,2.3,7.0,4.7,0,11.6,0,2.3,0,0,0,0,0,0,7.0,0,0,2.3,0,0,0,0,0,0,0,0,0,0,2.3,2.3,0,0,0,0,2.3,2.3,0,0,0,2.3,0,0,0,0,0,0,0,0,0,0,11.6,0,0,0,0,0,0,0,0,0,0,0,0
Adonara,77,0,0,0,2.6,0,0,6.5,5.2,0,0,0,6.5,0,0,7.8,1.3,1.3,0,22.1,0,2.6,0,0,0,0,0,0,1.3,0,0,0,0,0,0,0,0,5.2,0,0,1.3,0,1.3,0,0,2.6,0,0,0,0,0,0,0,7.8,0,0,0,0,0,0,0,0,0,0,15.6,0,0,0,0,0,2.6,2.6,0,1.3,0,2.6,0
Alor_2,27,0,0,0,29.6,0,0,7.4,0,0,0,0,3.7,0,0,0,7.4,0,0,7.4,0,0,0,0,0,0,0,0,7.4,0,0,0,0,0,0,0,0,3.7,0,0,0,0,0,0,0,0,0,0,0,0,0,0,0,3.7,0,0,0,0,3.7,0,0,0,0,3.7,14.8,0,0,0,0,0,0,3.7,0,3.7,0,0,0
E-Timor,38,0,5.3,0,7.9,5.3,0,0,0,0,0,0,0,0,0,0,28.9,2.6,0,5.3,0,0,0,0,2.6,0,0,0,2.6,0,0,0,0,0,0,0,0,0,0,0,0,0,0,0,0,0,0,0,0,0,0,0,0,0,0,0,0,0,0,0,0,0,0,5.3,23.7,0,0,0,0,0,2.6,7.9,0,0,0,0,0
Flores,77,0,0,0,3.9,3.9,0,11.7,1.3,1.3,0,1.3,7.8,0,0,11.7,5.2,0,0,15.6,0,1.3,0,0,0,0,0,0,5.2,0,0,2.6,0,0,0,0,0,0,0,0,0,0,0,0,0,0,2.6,0,0,0,1.3,0,0,9.1,0,0,0,0,0,0,0,0,0,1.3,3.9,0,0,0,0,0,0,1.3,0,0,0,0,7.8
Lembata,34,0,2.9,0,8.8,0,0,8.8,2.9,0,0,2.9,0,0,0,5.9,5.9,0,0,17.6,0,2.9,0,0,0,0,0,0,2.9,0,0,0,0,0,0,0,0,2.9,0,0,0,0,0,0,0,0,0,0,0,0,0,0,0,0,0,0,0,0,0,0,0,0,0,5.9,17.6,0,0,0,0,0,2.9,5.9,0,0,0,2.9,0
Pantar,38,0,0,0,0,0,0,2.6,13.2,0,0,0,0,0,0,2.6,5.3,0,0,5.3,0,0,0,0,0,0,0,0,7.9,0,0,5.3,0,0,0,0,0,0,0,0,0,0,5.3,0,0,5.3,0,0,0,0,0,0,0,5.3,0,0,0,0,0,0,0,0,0,2.6,34.2,0,0,0,0,0,0,5.3,0,0,0,0,0
Solor,41,0,0,0,2.4,0,0,9.8,0,0,0,0,2.4,0,0,4.9,0,12.2,0,12.2,0,0,0,0,0,0,0,0,22.0,0,0,0,0,0,0,12.2,0,0,0,0,0,0,0,0,0,0,0,0,0,0,0,0,0,4.9,0,0,0,0,0,0,0,0,0,2.4,9.8,0,0,0,2.4,0,0,2.4,0,0,0,0,0
New	barbieripdf
Population,Size,L0d1,L0d2,L0d3,L0k1a,L0k1b,L0k2
Hoan,13,92.3,7.7,0,0,0,0
!Xuun,27,44.4,11.1,0,33.3,0,0
Ju'hoan north,40,50,22.5,0,22.5,0,0
Ju'hoan south,44,50,20.5,0,25,0,0
Taa east,30,46.7,53.3,0,0,0,0
Taa west,31,51.6,22.6,0,22.6,0,0
Taa north,25,68,16,0,16,0,0
Nama,29,37.9,34.5,6.9,0,3.4,0
Hai'om,51,39.2,27.5,2,13.7,0,0
Lunda,9,0,0,0,0,0,11.1
Kwangwa,36,2.8,0,0,0,0,0
Fwe,33,6.1,0,0,0,6.1,12.1
New	starikovskaya
Population,Size,A1,A2,B1,B3,B4,B5,F,Y,H,V,J,T,U,K,W,X,N9,R,C1a,C2,C3,D,D1a,D2,D3,D4,D5,G1,G2,S,Z,M
Mansi,98,3.1,0,0,0,0,0,1,0,14.3,1,12.2,7.2,25.4,3.1,0,0,0,0,0,16.3,1,6.2,0,0,1,0,1,0,6.1,0,0,0,1
Ket,38,7.9,0,0,0,0,0,23.7,0,10.5,0,0,0,34.2,0,2.7,0,0,0,0,15.8,0,2.6,0,0,0,0,0,0,0,0,0,2.6,0
Nganasan,24,0,0,0,0,0,0,0,0,8.4,0,0,0,25,0,0,0,0,0,0,12.6,20.8,8.3,0,0,16.7,4.2,0,0,0,0,0,4.2,0
Nivkh,56,0,0,0,0,0,0,0,66.1,0,0,0,0,0,0,0,0,0,0,0,0,0,23.2,0,0,0,5.4,0,5.4,0,0,0,0,0
New duggan
Population,Size,M*,M27a,M27b,M27c,M28a,M28b,M29a,M29b,P1,P1d,P1d1,Q1,Q1+!16223,Q1a,Q1b,Q1c,Q2a,Q2a2,B4a1a,B4a1a1,B4a1a1a,B4a1a1a+16247!,B4a1a1a1,B4a1a1a1+16247!,B4a1a1a3,B4a1a1a4,B4a1a1b,B4b1a2,B5b1c,B5b2a1b1,E1a2,E1b+16261,E1b1,E2a,M7c3c
New Britain,102,0,0,0,0,0.176,0,0,0.049,0.029,0,0,0,0.108,0,0.020,0,0.088,0.010,0,0.029,0.235,0,0.118,0,0,0,0,0,0,0,0,0,0.137,0,0
Anem,32,0,0,0,0,0,0,0,0,0.063,0,0,0,0.156,0,0.031,0,0,0,0,0.031,0.625,0,0.063,0,0,0,0,0,0,0,0,0,0.031,0,0
Ata,28,0,0,0,0,0.179,0,0,0,0,0,0,0,0.036,0,0,0,0.321,0,0,0,0,0,0,0,0,0,0,0,0,0,0,0,0.464,0,0
Nakanai,42,0,0,0,0,0.310,0,0,0.119,0.024,0,0,0,0.119,0,0.024,0,0,0.024,0,0.048,0.095,0,0.238,0,0,0,0,0,0,0,0,0,0,0,0
Bougainville,179,0.006,0.156,0.011,0.101,0.050,0,0.006,0,0,0,0,0.022,0,0.006,0,0.028,0,0,0,0.011,0.313,0.017,0.223,0.039,0,0,0,0,0,0,0,0.006,0.006,0,0
Buin,29,0,0.310,0,0.310,0.103,0,0,0,0,0,0,0,0,0,0,0,0,0,0,0,0.069,0,0.207,0,0,0,0,0,0,0,0,0,0,0,0
Buka,11,0,0,0,0,0,0,0.091,0,0,0,0,0.182,0,0.091,0,0,0,0,0,0,0,0,0.364,0.091,0,0,0,0,0,0,0,0.091,0.091,0,0
Siwai,26,0,0.192,0.038,0.077,0,0,0,0,0,0,0,0,0,0.000,0,0,0,0,0,0,0.385,0,0.308,0,0,0,0,0,0,0,0,0,0,0,0
Nagovisi,38,0,0,0,0,0,0,0,0,0,0,0,0,0,0.000,0,0.026,0,0,0,0.026,0.658,0.079,0.184,0.026,0,0,0,0,0,0,0,0,0,0,0
Nasioi,41,0,0.171,0.024,0.171,0.024,0,0,0,0,0,0,0,0,0,0,0.098,0,0,0,0.024,0.293,0,0.146,0.049,0,0,0,0,0,0,0,0,0,0,0
Torau,34,0.029,0.206,0,0,0.147,0,0,0,0,0,0,0.059,0,0,0,0,0,0,0,0,0.206,0,0.265,0.088,0,0,0,0,0,0,0,0,0,0,0
Solomons,511,0.010,0.035,0.111,0.010,0.012,0.002,0,0.002,0.002,0.006,0,0.021,0,0,0,0,0.002,0,0.001953125,0.088,0.346,0,0.250,0.051,0,0.010,0.000,0.008,0.002,0.004,0.002,0,0.016,0.006,0.004
Choiseul,33,0.121,0,0.030,0.030,0,0,0,0,0,0.030,0,0.030,0,0,0,0,0,0,0,0.152,0.333,0,0.182,0.030,0,0,0,0,0,0,0,0,0.061,0,0
Gela,40,0,0,0.250,0,0,0,0,0,0,0,0,0,0,0,0,0,0,0,0,0,0.550,0,0.125,0.075,0,0,0,0,0,0,0,0,0,0,0
Guadalcanal,50,0.020,0,0.100,0,0.060,0.020,0,0,0,0.020,0,0,0,0,0,0,0,0,0,0.060,0.300,0,0.240,0.080,0,0,0,0.080,0,0,0,0,0.020,0,0
Isabel,52,0,0,0.135,0,0,0,0,0,0,0,0,0,0,0,0,0,0,0,0,0.096,0.308,0,0.192,0.038,0,0.096,0,0,0.019,0,0,0,0.058,0.058,0
Kolombangara,18,0,0,0.056,0,0,0,0,0,0,0,0,0.056,0,0,0,0,0,0,0,0.167,0.333,0,0.389,0,0,0,0,0,0,0,0,0,0,0,0
Makira,17,0,0,0,0,0,0,0,0.059,0.059,0,0,0,0,0,0,0,0,0,0,0.118,0.118,0,0.588,0.059,0,0,0,0,0,0,0,0,0,0,0
Malaita,89,0,0,0.247,0,0.011,0,0,0,0,0,0,0.056,0,0,0,0,0.011,0,0,0.067,0.236,0,0.326,0.045,0,0,0,0,0,0,0,0,0,0,0
Ranongga,47,0,0.298,0,0.021,0,0,0,0,0,0,0,0.021,0,0,0,0,0,0,0,0.234,0.149,0,0.213,0.021,0,0,0,0,0,0.043,0,0,0,0,0
Russell,39,0,0,0.026,0,0.026,0,0,0,0,0,0,0,0,0,0,0,0,0,0,0,0.641,0,0.308,0,0,0,0,0,0,0,0,0,0,0,0
Savo,40,0,0,0.175,0,0,0,0,0,0,0,0,0,0,0,0,0,0,0,0,0.075,0.550,0,0.100,0.050,0,0,0,0,0,0,0,0,0.050,0,0
Shortlands,14,0,0.143,0,0.143,0.071,0,0,0,0,0,0,0,0,0,0,0,0,0,0,0,0.357,0,0.286,0,0,0,0,0,0,0,0,0,0,0,0
Simbo,22,0,0,0,0.045,0,0,0,0,0,0,0,0,0,0,0,0,0,0,0,0.045,0.455,0,0.364,0.091,0,0,0,0,0,0,0,0,0,0,0
Vella_Lavella,51,0,0.039,0.059,0,0,0,0,0,0,0.020,0,0.059,0,0,0,0,0,0,0.019607843,0.118,0.294,0,0.216,0.118,0,0,0,0,0,0,0.020,0,0,0,0.039
Santa_Cruz,94,0.021,0,0.021,0,0.191,0,0,0.021,0.106,0,0,0.404,0,0,0,0,0.085,0,0,0,0.043,0,0.085,0,0,0,0,0,0.021,0,0,0,0,0,0
Remote Oceania,332,0,0,0,0,0.018,0.006,0,0,0.003,0.009,0.003,0.012,0,0,0,0,0.003,0.003,0,0.054,0.557,0.003,0.211,0.060,0.039,0,0.006,0.009,0,0,0,0,0,0,0.003
Cook_Islands,65,0,0,0,0,0,0,0,0,0,0,0,0.015,0,0,0,0,0,0,0,0.046,0.646,0,0.154,0,0.138,0,0,0,0,0,0,0,0,0,0
Fiji,49,0,0,0,0,0.082,0,0,0,0.020,0.020,0,0.020,0,0,0,0,0,0.020,0,0.082,0.408,0.020,0.245,0.082,0,0,0,0,0,0,0,0,0,0,0
Futuna,48,0,0,0,0,0.021,0,0,0,0,0,0,0,0,0,0,0,0.021,0,0,0.083,0.708,0,0.146,0,0.021,0,0,0,0,0,0,0,0,0,0
Niue,21,0,0,0,0,0,0,0,0,0,0,0,0,0,0,0,0,0,0,0,0,0.571,0,0.333,0,0.095,0,0,0,0,0,0,0,0,0,0
Samoa,47,0,0,0,0,0,0.021,0,0,0,0,0,0.043,0,0,0,0,0,0,0,0.064,0.702,0,0.106,0.064,0,0,0,0,0,0,0,0,0,0,0
Tonga,52,0,0,0,0,0.019,0.019,0,0,0,0.038,0,0,0,0,0,0,0,0,0,0.058,0.462,0,0.288,0.096,0.019,0,0,0,0,0,0,0,0,0,0
Tuvalu,50,0,0,0,0,0,0,0,0,0,0,0.020,0,0,0,0,0,0,0,0,0.020,0.400,0,0.280,0.160,0,0,0.040,0.060,0,0,0,0,0,0,0.020
Polynesian Outliers,159,0,0,0,0,0,0,0,0,0,0,0,0.006,0,0,0,0,0,0,0,0.025,0.484,0.101,0.233,0.101,0,0,0,0,0,0,0,0,0,0,0.050
Bellona,38,0,0,0,0,0,0,0,0,0,0,0,0,0,0,0,0,0,0,0,0.105,0.368,0.211,0.289,0.026,0,0,0,0,0,0,0,0,0,0,0
Ontong_Java,32,0,0,0,0,0,0,0,0,0,0,0,0,0,0,0,0,0,0,0,0,0.594,0,0.156,0,0,0,0,0,0,0,0,0,0,0,0.250
Rennell,43,0,0,0,0,0,0,0,0,0,0,0,0,0,0,0,0,0,0,0,0,0.512,0.186,0.186,0.116,0,0,0,0,0,0,0,0,0,0,0
Tikopia,46,0,0,0,0,0,0,0,0,0,0,0,0.022,0,0,0,0,0,0,0,0,0.478,0,0.283,0.217,0,0,0,0,0,0,0,0,0,0
New	barbierimandenka
Population,Size,H1a,L0a,L1b,L1c,L2a,L2b,L2c,L2d,L2e,L3b,L3d,L3e,L3f,L3h,L4b,U6a
South_Samo,39,39,0.00,0.03,0.10,0.00,0.38,0.05,0.05,0.05,0.03,0.13,0.10,0.05,0.03,0.00,0.00,0.00
Bisa,31,31,0.00,0.00,0.10,0.06,0.32,0.06,0.06,0.00,0.03,0.13,0.10,0.06,0.00,0.00,0.03,0.03
Marka,28,28,0.04,0.07,0.07,0.07,0.29,0.07,0.07,0.00,0.00,0.04,0.07,0.11,0.11,0.00,0.00,0.00
Mandenka,22,22,0.00,0.00,0.32,0.00,0.23,0.00,0.18,0.00,0.00,0.09,0.09,0.09,0.00,0.00,0.00,0.00
Samoya,16,16,0.00,0.00,0.13,0.06,0.38,0.00,0.06,0.06,0.00,0.13,0.06,0.06,0.00,0.00,0.06,0.00
Pana,18,18,0.00,0.00,0.06,0.00,0.39,0.00,0.17,0.00,0.00,0.06,0.06,0.17,0.06,0.06,0.00,0.00
Lyela,37,37,0.00,0.08,0.19,0.03,0.27,0.03,0.11,0.00,0.00,0.03,0.11,0.14,0.03,0.00,0.00,0.00
Nuna,26,26,0.00,0.00,0.15,0.04,0.50,0.00,0.04,0.04,0.00,0.08,0.04,0.12,0.00,0.00,0.00,0.00
Kassena,27,27,0.00,0.04,0.04,0.04,0.30,0.04,0.04,0.00,0.00,0.04,0.11,0.22,0.07,0.00,0.07,0.00
Mossi,34,34,0.00,0.03,0.06,0.00,0.41,0.00,0.15,0.03,0.00,0.00,0.06,0.18,0.00,0.00,0.00,0.09


northwest caucasian

hungarian, finnish, estonian,nenets
ket





















































