Avar
Dargin
Kubachi
Kumik
Nogai
Crimean Tatar1
Georgian2
Iranian1
Turkish2
Karakalpak1
Kazak1
Mongolian3
N. Europe
East Asian
Sample Size
62
28
25
26
33
20
58
20
90
20
20
97
71
54
A
0.00
0.04
0.00
0.00
0.00
0.00
0.00
0.00
0.02
0.00
0.00
0.08
0.00
0.00
B
0.00
0.00
0.00
0.00
0.06
0.00
0.00
0.00
0.00
0.00
0.00
0.06
0.00
0.09
C
0.00
0.00
0.08
0.00
0.09
0.00
0.00
0.10
0.00
0.00
0.05
0.08
0.00
0.02
D
0.00
0.00
0.00
0.00
0.15
0.00
0.00
0.05
0.01
0.20
0.10
0.30
0.00
0.22
E
0.00
0.00
0.00
0.00
0.00
0.00
0.00
0.00
0.00
0.00
0.00
0.00
0.00
0.00
F
0.00
0.00
0.00
0.00
0.00
0.00
0.00
0.00
0.00
0.05
0.00
0.13
0.00
0.15
G
0.00
0.07
0.00
0.04
0.03
0.00
0.00
0.00
0.01
0.05
0.20
0.10
0.00
0.02
HV
0.20
0.43
0.12
0.46
0.27
0.20
0.22
0.15
0.36
0.25
0.20
0.03
0.55
0.00
J
0.06
0.04
0.00
0.04
0.00
0.10
0.09
0.10
0.09
0.05
0.05
0.00
0.11
0.00
K
0.08
0.07
0.04
0.04
0.09
0.10
0.09
0.10
0.06
0.00
0.00
0.00
0.10
0.00
L2
0.00
0.00
0.00
0.00
0.00
0.00
0.00
0.00
0.00
0.00
0.00
0.00
0.00
0.00
M
0.00
0.00
0.00
0.00
0.06
0.00
0.02
0.00
0.00
0.10
0.05
0.08
0.00
0.39
N
0.06
0.04
0.00
0.00
0.00
0.10
0.09
0.25
0.06
0.00
0.00
0.04
0.00
0.06
R
0.00
0.00
0.00
0.00
0.00
0.00
0.05
0.10
0.02
0.10
0.05
0.01
0.03
0.04
T
0.10
0.07
0.00
0.04
0.06
0.30
0.14
0.05
0.11
0.05
0.05
0.01
0.10
0.00
U
0.00
0.00
0.00
0.00
0.00
0.00
0.00
0.00
0.02
0.00
0.00
0.00
0.00
0.00
U1
0.03
0.00
0.48
0.12
0.00
0.05
0.05
0.05
0.07
0.10
0.05
0.00
0.00
0.00
U2
0.00
0.00
0.24
0.00
0.03
0.00
0.03
0.00
0.02
0.00
0.00
0.00
0.00
0.00
U3
0.00
0.07
0.00
0.00
0.00
0.10
0.03
0.00
0.02
0.00
0.00
0.00
0.00
0.00
U4
0.05
0.11
0.00
0.00
0.03
0.05
0.03
0.00
0.01
0.00
0.00
0.01
0.01
0.00
U5
0.05
0.07
0.04
0.08
0.03
0.00
0.02
0.05
0.06
0.00
0.10
0.03
0.07
0.00
U6
0.00
0.00
0.00
0.00
0.00
0.00
0.00
0.00
0.00
0.00
0.00
0.00
0.00
0.00
U7
0.00
0.00
0.00
0.00
0.00
0.00
0.00
0.00
0.02
0.00
0.00
0.00
0.00
0.00
W
0.23
0.00
0.00
0.15
0.00
0.00
0.05
0.00
0.01
0.00
0.00
0.00
0.03
0.00
X
0.15
0.00
0.00
0.04
0.00
0.00
0.09
0.00
0.03
0.00
0.00
0.00
0.00
0.00
Y
0.00
0.00
0.00
0.00
0.00
0.00
0.00
0.00
0.00
0.00
0.05
0.00
0.00
0.00
Z
0.00
0.00
0.00
0.00
0.09
0.00
0.00
0.00
0.00
0.05
0.05
0.02
0.00
0.04
Nei's h
0.84
0.75
0.66
0.71
0.84
0.78
0.87
0.82
0.83
0.81
0.84
0.85
0.65
0.75