7
Population,Size,L0d1,L0d2,L0d3,L0k1a,L0k1b,L0k2
Hoan,13,0.923,0.077,0.0,0.0,0.0,0.0
!Xuun,27,0.444,0.111,0.0,0.333,0.0,0.0
Ju'hoan north,40,0.5,0.225,0.0,0.225,0.0,0.0
Ju'hoan south,44,0.5,0.205,0.0,0.25,0.0,0.0
Taa east,30,0.467,0.533,0.0,0.0,0.0,0.0
Taa west,31,0.516,0.226,0.0,0.226,0.0,0.0
Taa north,25,0.68,0.16,0.0,0.16,0.0,0.0
Nama,29,0.379,0.345,0.069,0.0,0.034,0.0
Hai'om,51,0.392,0.275,0.02,0.137,0.0,0.0
Lunda,9,0.0,0.0,0.0,0.0,0.0,0.111
Kwangwa,36,0.028,0.0,0.0,0.0,0.0,0.0
Fwe,33,0.061,0.0,0.0,0.0,0.061,0.121
8
Population,Size,H1a,L0a,L1b,L1c,L2a,L2b,L2c,L2d,L2e,L3b,L3d,L3e,L3f,L3h,L4b,U6a
South_Samo,39,0.00,0.03,0.10,0.00,0.38,0.05,0.05,0.05,0.03,0.13,0.10,0.05,0.03,0.00,0.00,0.00
Bisa,31,0.00,0.00,0.10,0.06,0.32,0.06,0.06,0.00,0.03,0.13,0.10,0.06,0.00,0.00,0.03,0.03
Marka,28,0.04,0.07,0.07,0.07,0.29,0.07,0.07,0.00,0.00,0.04,0.07,0.11,0.11,0.00,0.00,0.00
Mandenka,22,0.00,0.00,0.32,0.00,0.23,0.00,0.18,0.00,0.00,0.09,0.09,0.09,0.00,0.00,0.00,0.00
Samoya,16,0.00,0.00,0.13,0.06,0.38,0.00,0.06,0.06,0.00,0.13,0.06,0.06,0.00,0.00,0.06,0.00
Pana,18,0.00,0.00,0.06,0.00,0.39,0.00,0.17,0.00,0.00,0.06,0.06,0.17,0.06,0.06,0.00,0.00
Lyela,37,0.00,0.08,0.19,0.03,0.27,0.03,0.11,0.00,0.00,0.03,0.11,0.14,0.03,0.00,0.00,0.00
Nuna,26,0.00,0.00,0.15,0.04,0.50,0.00,0.04,0.04,0.00,0.08,0.04,0.12,0.00,0.00,0.00,0.00
Kassena,27,0.00,0.04,0.04,0.04,0.30,0.04,0.04,0.00,0.00,0.04,0.11,0.22,0.07,0.00,0.07,0.00
Mossi,34,0.00,0.03,0.06,0.00,0.41,0.00,0.15,0.03,0.00,0.00,0.06,0.18,0.00,0.00,0.00,0.09
9
Population,Size,A2,A4,A5,A8,B4,B5,C*,C1,C4,C5,D2,D3,D4,D5,F1,F2a,G*,G1,G2a,G3,M*,M3a,M7,M8a2,M9a,M10,M11,M13a,Y,Z,N9a,R*,R9,R11,L2a,H,HV,HV0a,V,R0a,R2,J1,J2,T*,T1,N1,I,W,N2,U1,U2,U3,U4,U5,U7a,U8,K,X2e
Persians,82,0.0,0.024,0.0,0.0,0.049,0.012,0.0,0.0,0.012,0.0,0.0,0.0,0.012,0.012,0.0,0.0,0.0,0.0,0.012,0.0,0.073,0.024,0.0,0.0,0.0,0.0,0.0,0.0,0.0,0.0,0.0,0.0,0.0,0.0,0.012,0.26,0.037,0.0,0.0,0.024,0.012,0.037,0.012,0.049,0.085,0.012,0.037,0.024,0.012,0.012,0.012,0.024,0.0,0.049,0.012,0.012,0.037,0.0
Kurds,25,0.0,0.0,0.0,0.0,0.0,0.0,0.0,0.0,0.0,0.0,0.0,0.0,0.12,0.0,0.0,0.0,0.0,0.0,0.0,0.0,0.0,0.0,0.0,0.0,0.0,0.0,0.0,0.0,0.0,0.0,0.0,0.0,0.0,0.0,0.0,0.12,0.08,0.0,0.0,0.0,0.0,0.12,0.08,0.04,0.08,0.0,0.0,0.0,0.0,0.12,0.0,0.0,0.0,0.0,0.16,0.04,0.0,0.04
Tajiks,44,0.0,0.023,0.0,0.0,0.0,0.0,0.091,0.0,0.023,0.0,0.0,0.0,0.045,0.023,0.0,0.0,0.0,0.0,0.023,0.023,0.023,0.0,0.0,0.0,0.0,0.023,0.0,0.0,0.023,0.023,0.0,0.0,0.0,0.0,0.0,0.25,0.0,0.023,0.0,0.0,0.0,0.023,0.023,0.0,0.023,0.023,0.023,0.045,0.0,0.0,0.023,0.023,0.068,0.0,0.045,0.0,0.068,0.0
Koreans,103,0.0,0.029,0.039,0.0,0.13,0.078,0.01,0.0,0.0,0.0,0.0,0.0,0.32,0.078,0.049,0.0,0.0,0.019,0.029,0.019,0.0,0.0,0.097,0.049,0.019,0.0,0.0,0.0,0.01,0.0,0.029,0.0,0.0,0.0,0.0,0.0,0.0,0.0,0.0,0.0,0.0,0.0,0.0,0.0,0.0,0.0,0.0,0.0,0.0,0.0,0.0,0.0,0.0,0.0,0.0,0.0,0.0,0.0
Mongolians,47,0.0,0.13,0.0,0.0,0.11,0.043,0.064,0.0,0.085,0.021,0.0,0.0,0.11,0.0,0.064,0.0,0.0,0.021,0.085,0.0,0.021,0.0,0.021,0.043,0.021,0.021,0.0,0.0,0.0,0.021,0.021,0.0,0.0,0.0,0.0,0.0,0.0,0.0,0.0,0.0,0.0,0.0,0.0,0.0,0.0,0.021,0.0,0.0,0.0,0.0,0.0,0.0,0.064,0.0,0.0,0.0,0.021,0.0
Kalmyks,110,0.0,0.027,0.0,0.009,0.027,0.009,0.018,0.009,0.055,0.027,0.018,0.0,0.22,0.055,0.055,0.0,0.009,0.009,0.064,0.0,0.0,0.009,0.018,0.0,0.027,0.009,0.0,0.0,0.018,0.018,0.045,0.009,0.0,0.0,0.0,0.036,0.055,0.0,0.0,0.0,0.0,0.009,0.027,0.009,0.009,0.0,0.009,0.0,0.0,0.0,0.018,0.0,0.018,0.009,0.009,0.0,0.027,0.0
Buryats,295,0.0,0.044,0.003,0.003,0.031,0.003,0.051,0.01,0.058,0.047,0.007,0.024,0.29,0.027,0.024,0.007,0.0,0.0,0.11,0.003,0.0,0.0,0.034,0.0,0.003,0.0,0.003,0.01,0.014,0.014,0.017,0.0,0.003,0.0,0.0,0.068,0.01,0.0,0.0,0.0,0.0,0.007,0.0,0.003,0.007,0.007,0.003,0.0,0.0,0.003,0.0,0.0,0.01,0.02,0.0,0.007,0.014,0.003
Khamnigans,99,0.0,0.04,0.01,0.0,0.051,0.02,0.04,0.0,0.071,0.051,0.01,0.051,0.25,0.02,0.04,0.0,0.0,0.0,0.091,0.01,0.0,0.0,0.03,0.0,0.01,0.0,0.0,0.01,0.03,0.0,0.01,0.0,0.01,0.0,0.0,0.061,0.02,0.0,0.0,0.0,0.0,0.01,0.0,0.01,0.0,0.0,0.0,0.0,0.0,0.0,0.0,0.0,0.0,0.02,0.0,0.0,0.02,0.0
Tuvinians,105,0.0,0.01,0.0,0.0,0.019,0.0,0.21,0.0,0.18,0.11,0.029,0.01,0.086,0.029,0.076,0.01,0.0,0.019,0.038,0.01,0.0,0.0,0.0,0.0,0.01,0.0,0.0,0.0,0.0,0.01,0.019,0.0,0.0,0.0,0.0,0.038,0.01,0.0,0.0,0.0,0.0,0.0,0.0,0.0,0.0,0.0,0.029,0.0,0.0,0.0,0.0,0.019,0.01,0.019,0.0,0.0,0.0,0.0
EastEvenks,45,0.0,0.022,0.0,0.0,0.0,0.0,0.11,0.0,0.27,0.24,0.022,0.13,0.089,0.0,0.0,0.0,0.0,0.0,0.0,0.022,0.0,0.0,0.0,0.0,0.0,0.0,0.0,0.0,0.089,0.0,0.0,0.0,0.0,0.0,0.0,0.0,0.0,0.0,0.0,0.0,0.0,0.0,0.0,0.0,0.0,0.0,0.0,0.0,0.0,0.0,0.0,0.0,0.0,0.0,0.0,0.0,0.0,0.0
WestEvenks,73,0.0,0.041,0.0,0.0,0.041,0.0,0.096,0.0,0.32,0.068,0.0,0.055,0.18,0.068,0.014,0.0,0.0,0.014,0.027,0.0,0.0,0.0,0.0,0.0,0.0,0.0,0.0,0.0,0.027,0.014,0.0,0.0,0.0,0.0,0.0,0.014,0.0,0.0,0.0,0.0,0.0,0.0,0.0,0.0,0.0,0.0,0.0,0.0,0.0,0.0,0.0,0.0,0.0,0.0,0.0,0.0,0.027,0.0
Yakuts,36,0.0,0.0,0.0,0.0,0.028,0.0,0.17,0.0,0.36,0.11,0.028,0.028,0.14,0.028,0.0,0.0,0.0,0.0,0.028,0.0,0.0,0.0,0.0,0.0,0.0,0.0,0.0,0.0,0.0,0.0,0.0,0.0,0.0,0.0,0.0,0.028,0.0,0.0,0.0,0.0,0.0,0.056,0.0,0.0,0.0,0.0,0.0,0.0,0.0,0.0,0.0,0.0,0.0,0.0,0.0,0.0,0.0,0.0
Shors,82,0.0,0.012,0.0,0.0,0.049,0.0,0.024,0.0,0.085,0.012,0.0,0.0,0.11,0.012,0.4,0.012,0.0,0.0,0.0,0.0,0.0,0.0,0.0,0.0,0.0,0.037,0.0,0.0,0.0,0.012,0.0,0.0,0.0,0.0,0.0,0.11,0.0,0.0,0.0,0.0,0.0,0.061,0.0,0.0,0.0,0.0,0.024,0.0,0.0,0.0,0.0,0.0,0.024,0.0,0.0,0.0,0.012,0.0
Khakassians,57,0.0,0.035,0.0,0.0,0.088,0.0,0.053,0.0,0.14,0.0,0.0,0.0,0.16,0.0,0.19,0.053,0.0,0.0,0.0,0.018,0.0,0.0,0.0,0.035,0.0,0.0,0.0,0.0,0.0,0.0,0.0,0.0,0.0,0.0,0.0,0.07,0.0,0.0,0.018,0.0,0.0,0.035,0.018,0.0,0.053,0.0,0.0,0.0,0.0,0.0,0.0,0.0,0.018,0.018,0.0,0.0,0.0,0.0
Altaians-Kizhi,90,0.0,0.033,0.0,0.0,0.033,0.011,0.1,0.0,0.13,0.089,0.0,0.022,0.067,0.0,0.033,0.022,0.0,0.044,0.011,0.0,0.0,0.0,0.0,0.044,0.0,0.011,0.022,0.0,0.0,0.022,0.0,0.0,0.0,0.011,0.0,0.056,0.0,0.0,0.0,0.0,0.0,0.056,0.0,0.0,0.0,0.0,0.011,0.0,0.0,0.0,0.0,0.022,0.022,0.011,0.0,0.0,0.067,0.044
Teleuts,53,0.0,0.0,0.0,0.0,0.038,0.0,0.15,0.0,0.057,0.075,0.0,0.0,0.23,0.019,0.057,0.0,0.0,0.0,0.0,0.0,0.0,0.0,0.0,0.0,0.0,0.0,0.038,0.0,0.0,0.057,0.0,0.0,0.0,0.0,0.0,0.075,0.0,0.0,0.057,0.0,0.0,0.0,0.0,0.0,0.057,0.0,0.0,0.0,0.0,0.0,0.038,0.0,0.019,0.0,0.0,0.0,0.019,0.019
Telenghits,71,0.0,0.056,0.0,0.0,0.11,0.0,0.11,0.0,0.028,0.028,0.0,0.0,0.21,0.0,0.014,0.0,0.0,0.0,0.028,0.0,0.014,0.0,0.014,0.0,0.0,0.0,0.014,0.0,0.0,0.0,0.014,0.0,0.042,0.0,0.0,0.11,0.014,0.0,0.0,0.0,0.0,0.028,0.0,0.014,0.042,0.014,0.014,0.0,0.0,0.0,0.028,0.0,0.014,0.014,0.0,0.014,0.0,0.0
Chukchi,15,0.73,0.0,0.0,0.0,0.0,0.0,0.0,0.0,0.0,0.0,0.13,0.0,0.0,0.0,0.0,0.0,0.0,0.067,0.0,0.0,0.0,0.0,0.0,0.0,0.0,0.0,0.0,0.0,0.0,0.0,0.0,0.0,0.0,0.0,0.0,0.0,0.0,0.0,0.0,0.0,0.0,0.0,0.0,0.0,0.067,0.0,0.0,0.0,0.0,0.0,0.0,0.0,0.0,0.0,0.0,0.0,0.0,0.0
10
Population,Size,M*,M27a,M27b,M27c,M28a,M28b,M29a,M29b,P1,P1d,P1d1,Q1,Q1+!16223,Q1a,Q1b,Q1c,Q2a,Q2a2,B4a1a,B4a1a1,B4a1a1a,B4a1a1a+16247!,B4a1a1a1,B4a1a1a1+16247!,B4a1a1a3,B4a1a1a4,B4a1a1b,B4b1a2,B5b1c,B5b2a1b1,E1a2,E1b+16261,E1b1,E2a,M7c3c
New Britain,102,0,0,0,0,0.176,0,0,0.049,0.029,0,0,0,0.108,0,0.020,0,0.088,0.010,0,0.029,0.235,0,0.118,0,0,0,0,0,0,0,0,0,0.137,0,0
Anem,32,0,0,0,0,0,0,0,0,0.063,0,0,0,0.156,0,0.031,0,0,0,0,0.031,0.625,0,0.063,0,0,0,0,0,0,0,0,0,0.031,0,0
Ata,28,0,0,0,0,0.179,0,0,0,0,0,0,0,0.036,0,0,0,0.321,0,0,0,0,0,0,0,0,0,0,0,0,0,0,0,0.464,0,0
Nakanai,42,0,0,0,0,0.310,0,0,0.119,0.024,0,0,0,0.119,0,0.024,0,0,0.024,0,0.048,0.095,0,0.238,0,0,0,0,0,0,0,0,0,0,0,0
Bougainville,179,0.006,0.156,0.011,0.101,0.050,0,0.006,0,0,0,0,0.022,0,0.006,0,0.028,0,0,0,0.011,0.313,0.017,0.223,0.039,0,0,0,0,0,0,0,0.006,0.006,0,0
Buin,29,0,0.310,0,0.310,0.103,0,0,0,0,0,0,0,0,0,0,0,0,0,0,0,0.069,0,0.207,0,0,0,0,0,0,0,0,0,0,0,0
Buka,11,0,0,0,0,0,0,0.091,0,0,0,0,0.182,0,0.091,0,0,0,0,0,0,0,0,0.364,0.091,0,0,0,0,0,0,0,0.091,0.091,0,0
Siwai,26,0,0.192,0.038,0.077,0,0,0,0,0,0,0,0,0,0.000,0,0,0,0,0,0,0.385,0,0.308,0,0,0,0,0,0,0,0,0,0,0,0
Nagovisi,38,0,0,0,0,0,0,0,0,0,0,0,0,0,0.000,0,0.026,0,0,0,0.026,0.658,0.079,0.184,0.026,0,0,0,0,0,0,0,0,0,0,0
Nasioi,41,0,0.171,0.024,0.171,0.024,0,0,0,0,0,0,0,0,0,0,0.098,0,0,0,0.024,0.293,0,0.146,0.049,0,0,0,0,0,0,0,0,0,0,0
Torau,34,0.029,0.206,0,0,0.147,0,0,0,0,0,0,0.059,0,0,0,0,0,0,0,0,0.206,0,0.265,0.088,0,0,0,0,0,0,0,0,0,0,0
Solomons,511,0.010,0.035,0.111,0.010,0.012,0.002,0,0.002,0.002,0.006,0,0.021,0,0,0,0,0.002,0,0.001953125,0.088,0.346,0,0.250,0.051,0,0.010,0.000,0.008,0.002,0.004,0.002,0,0.016,0.006,0.004
Choiseul,33,0.121,0,0.030,0.030,0,0,0,0,0,0.030,0,0.030,0,0,0,0,0,0,0,0.152,0.333,0,0.182,0.030,0,0,0,0,0,0,0,0,0.061,0,0
Gela,40,0,0,0.250,0,0,0,0,0,0,0,0,0,0,0,0,0,0,0,0,0,0.550,0,0.125,0.075,0,0,0,0,0,0,0,0,0,0,0
Guadalcanal,50,0.020,0,0.100,0,0.060,0.020,0,0,0,0.020,0,0,0,0,0,0,0,0,0,0.060,0.300,0,0.240,0.080,0,0,0,0.080,0,0,0,0,0.020,0,0
Isabel,52,0,0,0.135,0,0,0,0,0,0,0,0,0,0,0,0,0,0,0,0,0.096,0.308,0,0.192,0.038,0,0.096,0,0,0.019,0,0,0,0.058,0.058,0
Kolombangara,18,0,0,0.056,0,0,0,0,0,0,0,0,0.056,0,0,0,0,0,0,0,0.167,0.333,0,0.389,0,0,0,0,0,0,0,0,0,0,0,0
Makira,17,0,0,0,0,0,0,0,0.059,0.059,0,0,0,0,0,0,0,0,0,0,0.118,0.118,0,0.588,0.059,0,0,0,0,0,0,0,0,0,0,0
Malaita,89,0,0,0.247,0,0.011,0,0,0,0,0,0,0.056,0,0,0,0,0.011,0,0,0.067,0.236,0,0.326,0.045,0,0,0,0,0,0,0,0,0,0,0
Ranongga,47,0,0.298,0,0.021,0,0,0,0,0,0,0,0.021,0,0,0,0,0,0,0,0.234,0.149,0,0.213,0.021,0,0,0,0,0,0.043,0,0,0,0,0
Russell,39,0,0,0.026,0,0.026,0,0,0,0,0,0,0,0,0,0,0,0,0,0,0,0.641,0,0.308,0,0,0,0,0,0,0,0,0,0,0,0
Savo,40,0,0,0.175,0,0,0,0,0,0,0,0,0,0,0,0,0,0,0,0,0.075,0.550,0,0.100,0.050,0,0,0,0,0,0,0,0,0.050,0,0
Shortlands,14,0,0.143,0,0.143,0.071,0,0,0,0,0,0,0,0,0,0,0,0,0,0,0,0.357,0,0.286,0,0,0,0,0,0,0,0,0,0,0,0
Simbo,22,0,0,0,0.045,0,0,0,0,0,0,0,0,0,0,0,0,0,0,0,0.045,0.455,0,0.364,0.091,0,0,0,0,0,0,0,0,0,0,0
Vella_Lavella,51,0,0.039,0.059,0,0,0,0,0,0,0.020,0,0.059,0,0,0,0,0,0,0.019607843,0.118,0.294,0,0.216,0.118,0,0,0,0,0,0,0.020,0,0,0,0.039
Santa_Cruz,94,0.021,0,0.021,0,0.191,0,0,0.021,0.106,0,0,0.404,0,0,0,0,0.085,0,0,0,0.043,0,0.085,0,0,0,0,0,0.021,0,0,0,0,0,0
Remote Oceania,332,0,0,0,0,0.018,0.006,0,0,0.003,0.009,0.003,0.012,0,0,0,0,0.003,0.003,0,0.054,0.557,0.003,0.211,0.060,0.039,0,0.006,0.009,0,0,0,0,0,0,0.003
Cook_Islands,65,0,0,0,0,0,0,0,0,0,0,0,0.015,0,0,0,0,0,0,0,0.046,0.646,0,0.154,0,0.138,0,0,0,0,0,0,0,0,0,0
Fiji,49,0,0,0,0,0.082,0,0,0,0.020,0.020,0,0.020,0,0,0,0,0,0.020,0,0.082,0.408,0.020,0.245,0.082,0,0,0,0,0,0,0,0,0,0,0
Futuna,48,0,0,0,0,0.021,0,0,0,0,0,0,0,0,0,0,0,0.021,0,0,0.083,0.708,0,0.146,0,0.021,0,0,0,0,0,0,0,0,0,0
Niue,21,0,0,0,0,0,0,0,0,0,0,0,0,0,0,0,0,0,0,0,0,0.571,0,0.333,0,0.095,0,0,0,0,0,0,0,0,0,0
Samoa,47,0,0,0,0,0,0.021,0,0,0,0,0,0.043,0,0,0,0,0,0,0,0.064,0.702,0,0.106,0.064,0,0,0,0,0,0,0,0,0,0,0
Tonga,52,0,0,0,0,0.019,0.019,0,0,0,0.038,0,0,0,0,0,0,0,0,0,0.058,0.462,0,0.288,0.096,0.019,0,0,0,0,0,0,0,0,0,0
Tuvalu,50,0,0,0,0,0,0,0,0,0,0,0.020,0,0,0,0,0,0,0,0,0.020,0.400,0,0.280,0.160,0,0,0.040,0.060,0,0,0,0,0,0,0.020
Polynesian Outliers,159,0,0,0,0,0,0,0,0,0,0,0,0.006,0,0,0,0,0,0,0,0.025,0.484,0.101,0.233,0.101,0,0,0,0,0,0,0,0,0,0,0.050
Bellona,38,0,0,0,0,0,0,0,0,0,0,0,0,0,0,0,0,0,0,0,0.105,0.368,0.211,0.289,0.026,0,0,0,0,0,0,0,0,0,0,0
Ontong_Java,32,0,0,0,0,0,0,0,0,0,0,0,0,0,0,0,0,0,0,0,0,0.594,0,0.156,0,0,0,0,0,0,0,0,0,0,0,0.250
Rennell,43,0,0,0,0,0,0,0,0,0,0,0,0,0,0,0,0,0,0,0,0,0.512,0.186,0.186,0.116,0,0,0,0,0,0,0,0,0,0,0
Tikopia,46,0,0,0,0,0,0,0,0,0,0,0,0.022,0,0,0,0,0,0,0,0,0.478,0,0.283,0.217,0,0,0,0,0,0,0,0,0,0
11
Population,Size,A,B,C,D,G,F,M*,J,T,U,H,Others
Yakuts,191.0,0.021,0.005,0.44,0.304,0.042,0.063,0.026,0.011,0.011,0.011,0.026,0.04
Chuvash,55.0,0.018,0.0,0.018,0.036,0.0,0.0,0.018,0.055,0.037,0.364,0.255,0.199
Tatars,174.0,0.023,0.0,0.017,0.029,0.012,0.0,0.023,0.081,0.081,0.247,0.316,0.171
Bashkirs,211.0,0.043,0.0,0.128,0.081,0.047,0.062,0.01,0.033,0.052,0.275,0.142,0.127
Uighurs,55.0,0.073,0.073,0.018,0.164,0.0,0.073,0.073,0.0,0.018,0.164,0.2,0.144
Kazakhs,52.0,0.096,0.058,0.077,0.192,0.058,0.019,0.058,0.0,0.077,0.057,0.154,0.154
Kyrgyz,92.0,0.033,0.065,0.141,0.196,0.076,0.033,0.065,0.054,0.033,0.033,0.185,0.086
Soyots,34.0,0.088,0.029,0.176,0.5,0.0,0.0,0.0,0.0,0.0,0.059,0.0,0.148
Itelmen,66.0,0.682,0.0,0.106,0.121,0.091,0.0,0.0,0.0,0.0,0.0,0.0,0.0
Chukchi,79.0,0.772,0.0,0.025,0.203,0.0,0.0,0.0,0.0,0.0,0.0,0.0,0.0
Eskimo,51.0,0.039,0.0,0.843,0.098,0.0,0.02,0.0,0.0,0.0,0.0,0.0,0.0
Evenks,65.0,0.046,0.0,0.262,0.154,0.0,0.015,0.0,0.0,0.0,0.0,0.0,0.523
12
Population,Size,A,B,C,D,H,H1,H3,H4,H5,H8,I,J,J1,J1a,J1b,J1b1,J2,K,K1,K2,K2a,K2b,T,T1,T2,T3,U,U1,U2,U3,U4,U5,U5a,U5a1,U5b,U5b1,U6,U7,V,W,X,Z,Other
Austria/Switzerland,187,0.0,0.0,0.0,0.0,0.4706,0.0374,0.0053,0.016,0.0107,0.0,0.0214,0.0535,0.016,0.0321,0.0,0.0,0.0,0.0214,0.0,0.0588,0.0,0.0107,0.0481,0.0107,0.0053,0.0,0.0,0.0053,0.0107,0.0053,0.0374,0.0053,0.0588,0.0053,0.0053,0.0,0.0,0.0,0.0267,0.016,0.0053,0.0,0.0
EuropeanRussia,215,0.0,0.0,0.0186,0.0186,0.3349,0.0558,0.0,0.0,0.0,0.0326,0.014,0.0651,0.0,0.0,0.0047,0.0,0.0093,0.0186,0.0,0.0093,0.0,0.0,0.0465,0.0372,0.0186,0.0,0.0,0.0047,0.0,0.0047,0.0837,0.0,0.0791,0.0093,0.0233,0.0279,0.0,0.0,0.0419,0.0233,0.0,0.0047,0.014
Germany,527,0.0,0.0,0.0019,0.0038,0.3833,0.0436,0.0114,0.0152,0.0076,0.0285,0.0228,0.0683,0.0076,0.0133,0.0,0.0019,0.0019,0.0569,0.0019,0.0076,0.0,0.0,0.0626,0.0247,0.0019,0.0019,0.0019,0.0038,0.0057,0.0114,0.0266,0.0019,0.0493,0.0019,0.038,0.0,0.0,0.0,0.0512,0.0209,0.0076,0.0,0.0114
Iceland,467,0.0,0.0,0.0043,0.0,0.2827,0.0835,0.0043,0.0964,0.0043,0.0043,0.0471,0.0685,0.0,0.0043,0.0,0.0557,0.0128,0.0493,0.0236,0.0043,0.0,0.0,0.0214,0.0043,0.0257,0.0493,0.0021,0.0,0.0,0.0,0.0214,0.0043,0.0557,0.0,0.0343,0.0,0.0,0.0,0.0171,0.0021,0.015,0.0021,0.0
Ireland,128,0.0,0.0,0.0,0.0,0.4141,0.0234,0.0156,0.0234,0.0,0.0,0.0234,0.1172,0.0,0.0078,0.0,0.0078,0.0078,0.0547,0.0078,0.0078,0.0078,0.0,0.0703,0.0234,0.0,0.0,0.0,0.0,0.0078,0.0,0.0234,0.0078,0.0469,0.0,0.0078,0.0,0.0,0.0,0.0703,0.0234,0.0,0.0,0.0
Orkney,152,0.0,0.0,0.0,0.0,0.4079,0.0658,0.0,0.0066,0.0,0.0263,0.0329,0.0789,0.0,0.0,0.0,0.0197,0.0,0.0526,0.0132,0.0,0.0,0.0,0.0263,0.0329,0.0,0.0,0.0,0.0,0.0,0.0,0.0066,0.0263,0.0592,0.0132,0.0197,0.0,0.0,0.0,0.0132,0.0197,0.0724,0.0,0.0066
Scandinavia,645,0.0016,0.0,0.0,0.0016,0.3969,0.0341,0.0062,0.0233,0.0062,0.0186,0.0186,0.0682,0.0047,0.0155,0.0,0.014,0.0,0.0403,0.0047,0.0016,0.0031,0.0,0.0651,0.014,0.0093,0.0,0.0,0.0016,0.0016,0.0078,0.0217,0.0171,0.0682,0.0047,0.0171,0.0233,0.0,0.0,0.0574,0.0155,0.0062,0.0062,0.0047
Scotland,891,0.0,0.0011,0.0,0.0,0.3838,0.0303,0.0056,0.0123,0.0011,0.0236,0.0438,0.0864,0.0056,0.0045,0.0011,0.0348,0.0112,0.037,0.0079,0.0101,0.0056,0.0056,0.0763,0.0224,0.0022,0.0,0.0,0.0,0.0079,0.0123,0.0247,0.0112,0.0505,0.0,0.0101,0.0,0.0,0.0011,0.0426,0.009,0.0168,0.0,0.0011
Bulgaria/Turkey,102,0.0,0.0,0.0196,0.049,0.3137,0.0196,0.0,0.0392,0.0,0.0098,0.0196,0.0588,0.049,0.0,0.0098,0.0,0.0294,0.049,0.0,0.0098,0.0,0.0,0.049,0.049,0.0,0.0,0.0,0.0,0.0,0.0588,0.0392,0.0098,0.0098,0.0,0.0,0.0,0.0,0.0,0.0,0.0392,0.0392,0.0,0.0294
Spain/Portugal,352,0.0085,0.0,0.0114,0.0028,0.5028,0.0256,0.0,0.0341,0.0199,0.0028,0.0057,0.0369,0.0028,0.0057,0.0057,0.0,0.0085,0.0313,0.0,0.0114,0.0,0.0028,0.0455,0.0114,0.0028,0.0,0.0,0.0028,0.0028,0.0057,0.0199,0.0057,0.0455,0.0,0.0085,0.0,0.0142,0.0,0.0597,0.0199,0.017,0.0,0.0199
England/Wales,429,0.0023,0.0,0.0,0.0,0.4079,0.0443,0.0093,0.0303,0.0163,0.014,0.0303,0.1072,0.0047,0.0163,0.0,0.014,0.0023,0.0513,0.0023,0.0047,0.0,0.0023,0.0536,0.021,0.0023,0.0,0.0,0.0,0.007,0.007,0.0163,0.0093,0.035,0.007,0.014,0.0,0.0,0.0,0.0373,0.0163,0.0093,0.0,0.0047
WesternIsles/Isleof Skye,246,0.0041,0.0,0.0,0.0,0.2724,0.0122,0.0122,0.0325,0.0,0.0163,0.065,0.1057,0.0122,0.0,0.0,0.0122,0.0163,0.0854,0.0081,0.0041,0.0122,0.0244,0.0894,0.0325,0.0041,0.0,0.0,0.0203,0.0041,0.0244,0.0041,0.0244,0.0488,0.0,0.0081,0.0,0.0,0.0,0.0203,0.0041,0.0203,0.0,0.0
Saami,176,0.0,0.0,0.0,0.0511,0.017,0.0114,0.0,0.0,0.0,0.0284,0.0,0.0,0.0,0.0,0.0,0.0,0.0,0.0,0.0,0.0,0.0,0.0,0.0,0.0,0.0,0.0,0.0,0.0,0.0,0.0,0.0,0.0,0.0057,0.0057,0.017,0.4261,0.0,0.0,0.3977,0.0057,0.0,0.0341,0.0
13
Population,Size,L1-3,M,M2,M3,M5,M9bp,U2i/U7,U1/U3-6/U*,HV/TJ/N1/X,B/F,R*
Chenchu,96,0.0,0.96875,0.177083333333,0.0104166666667,0.1875,0.03125,0.0,0.0,0.0,0.0,0.0104166666667
Koya,81,0.0,0.691358024691,0.185185185185,0.0617283950617,0.0,0.20987654321,0.0123456790123,0.0,0.0,0.0,0.308641975309
Tamil Nadu,49,0.0,0.714285714286,0.0204081632653,0.244897959184,0.0,0.0,0.122448979592,0.0408163265306,0.0,0.0,0.122448979592
14
Population,Size,A,B*,B4*,B4a*,B4a1a1,B4a2,B4b1,B4c1b,B4c2,B4g,B5a,B5b,C,D*,D5,E1,E2,F1*,F1a*,F1a1*,F1a1a,F2,F3a,F3b,F4,G,L,M*,M10,M12,M17,M19,M20,M21a,M21b,M21c,M21d,M22,M33c,M47,M50,M51,M7*,M71,M72,M73,M77,M7b*,M7b1,M7b3,M7c*,M7c1*,M7c3c,M8a,M9,N*,N10,N21,N22,N23,N9a*,N9a6,P,Q,R*,R11,R21,R22,R23,R9b,R9c,R9d,U,W,Y,Z
Cham,168,0.0,0.0,0.0,0.042,0.0,0.0,0.006,0.024,0.107,0.012,0.161,0.018,0.006,0.018,0.0,0.006,0.006,0.018,0.018,0.012,0.06,0.0,0.0,0.0,0.0,0.006,0.0,0.0,0.0,0.012,0.042,0.0,0.006,0.0,0.0,0.0,0.024,0.006,0.0,0.0,0.018,0.012,0.0,0.006,0.0,0.024,0.024,0.024,0.03,0.0,0.012,0.0,0.012,0.018,0.012,0.0,0.0,0.018,0.0,0.0,0.042,0.03,0.0,0.0,0.0,0.012,0.0,0.042,0.012,0.03,0.018,0.0,0.0,0.0,0.0,0.0
Kinh,139,0.0,0.007,0.029,0.036,0.0,0.0,0.007,0.022,0.029,0.05,0.129,0.007,0.043,0.007,0.022,0.0,0.0,0.029,0.065,0.043,0.058,0.0,0.007,0.0,0.007,0.007,0.0,0.0,0.007,0.014,0.0,0.0,0.007,0.0,0.0,0.0,0.0,0.007,0.007,0.0,0.0,0.014,0.007,0.0,0.007,0.0,0.0,0.043,0.065,0.0,0.014,0.029,0.0,0.007,0.029,0.0,0.0,0.0,0.0,0.007,0.007,0.007,0.0,0.0,0.0,0.0,0.0,0.0,0.0,0.043,0.022,0.007,0.0,0.007,0.0,0.036
Viet,292,0.017,0.017,0.027,0.024,0.0,0.0,0.01,0.017,0.01,0.014,0.079,0.007,0.034,0.041,0.024,0.0,0.0,0.017,0.092,0.051,0.062,0.007,0.007,0.0,0.0,0.017,0.0,0.034,0.014,0.017,0.003,0.01,0.003,0.0,0.0,0.0,0.0,0.0,0.003,0.003,0.0,0.003,0.0,0.017,0.0,0.0,0.0,0.055,0.058,0.003,0.01,0.024,0.0,0.014,0.007,0.0,0.007,0.0,0.003,0.0,0.027,0.017,0.0,0.0,0.007,0.0,0.0,0.0,0.0,0.034,0.014,0.014,0.007,0.003,0.0,0.01
Thailand,533,0.015,0.009,0.026,0.026,0.0,0.0,0.008,0.002,0.021,0.015,0.088,0.0,0.03,0.034,0.013,0.0,0.0,0.017,0.075,0.013,0.088,0.015,0.023,0.0,0.004,0.013,0.0,0.12,0.002,0.017,0.002,0.0,0.013,0.004,0.0,0.0,0.004,0.004,0.0,0.0,0.002,0.011,0.002,0.028,0.0,0.002,0.0,0.034,0.041,0.0,0.011,0.002,0.002,0.004,0.008,0.004,0.011,0.019,0.004,0.004,0.015,0.004,0.0,0.0,0.023,0.002,0.0,0.011,0.0,0.028,0.009,0.011,0.002,0.0,0.0,0.008
Cambodia,31,0.0,0.032,0.0,0.0,0.0,0.0,0.0,0.0,0.161,0.0,0.0,0.0,0.0,0.0,0.0,0.0,0.0,0.0,0.0,0.0,0.258,0.0,0.0,0.0,0.0,0.0,0.0,0.226,0.0,0.0,0.065,0.0,0.0,0.0,0.0,0.0,0.0,0.0,0.0,0.0,0.0,0.0,0.0,0.0,0.0,0.032,0.0,0.0,0.0,0.0,0.0,0.0,0.0,0.0,0.0,0.0,0.0,0.065,0.0,0.0,0.0,0.0,0.0,0.0,0.032,0.0,0.0,0.065,0.0,0.032,0.0,0.032,0.0,0.0,0.0,0.0
Hainan,159,0.013,0.038,0.006,0.088,0.0,0.0,0.031,0.038,0.006,0.006,0.063,0.006,0.05,0.013,0.0,0.0,0.0,0.0,0.0,0.019,0.006,0.025,0.013,0.0,0.038,0.038,0.0,0.038,0.006,0.025,0.0,0.0,0.0,0.0,0.0,0.0,0.0,0.0,0.025,0.0,0.0,0.006,0.05,0.006,0.0,0.0,0.0,0.025,0.069,0.0,0.0,0.019,0.0,0.038,0.0,0.025,0.006,0.0,0.0,0.0,0.019,0.0,0.0,0.0,0.044,0.013,0.0,0.0,0.0,0.057,0.013,0.013,0.0,0.0,0.0,0.006
Formosa,718,0.0,0.0,0.004,0.01,0.092,0.057,0.103,0.004,0.0,0.0,0.054,0.0,0.0,0.011,0.042,0.12,0.004,0.0,0.019,0.029,0.0,0.001,0.0,0.079,0.12,0.001,0.0,0.007,0.006,0.003,0.0,0.0,0.0,0.0,0.0,0.0,0.0,0.0,0.0,0.0,0.0,0.0,0.0,0.0,0.0,0.0,0.0,0.001,0.007,0.109,0.0,0.014,0.049,0.0,0.0,0.0,0.0,0.0,0.0,0.0,0.018,0.0,0.0,0.0,0.0,0.0,0.0,0.0,0.0,0.0,0.021,0.0,0.0,0.0,0.014,0.0
Philippine,543,0.0,0.002,0.0,0.12,0.004,0.0,0.074,0.046,0.0,0.0,0.009,0.074,0.0,0.002,0.015,0.127,0.035,0.0,0.074,0.0,0.002,0.0,0.0,0.039,0.004,0.0,0.0,0.026,0.0,0.0,0.009,0.0,0.002,0.004,0.0,0.002,0.0,0.0,0.0,0.0,0.0,0.0,0.002,0.013,0.002,0.004,0.0,0.002,0.013,0.029,0.0,0.009,0.109,0.002,0.0,0.002,0.0,0.0,0.006,0.0,0.0,0.0,0.011,0.0,0.028,0.0,0.0,0.0,0.0,0.0,0.048,0.0,0.0,0.0,0.053,0.002
OrangAsli,280,0.0,0.011,0.0,0.007,0.0,0.0,0.0,0.0,0.0,0.0,0.007,0.054,0.0,0.0,0.0,0.0,0.0,0.0,0.0,0.0,0.1,0.0,0.0,0.0,0.0,0.0,0.0,0.025,0.0,0.0,0.0,0.0,0.0,0.254,0.039,0.007,0.0,0.021,0.0,0.0,0.0,0.004,0.0,0.0,0.0,0.0,0.0,0.0,0.0,0.0,0.0,0.004,0.029,0.0,0.0,0.0,0.0,0.086,0.014,0.0,0.0,0.061,0.0,0.0,0.0,0.0,0.193,0.0,0.0,0.086,0.0,0.0,0.0,0.0,0.0,0.0
MelayuMalay,388,0.003,0.0,0.0,0.021,0.003,0.0,0.013,0.031,0.021,0.0,0.082,0.018,0.013,0.023,0.023,0.08,0.01,0.003,0.059,0.0,0.049,0.0,0.003,0.003,0.0,0.003,0.003,0.09,0.0,0.013,0.005,0.003,0.018,0.028,0.005,0.005,0.0,0.01,0.0,0.0,0.013,0.013,0.005,0.018,0.0,0.013,0.005,0.013,0.026,0.0,0.0,0.003,0.072,0.005,0.003,0.005,0.0,0.013,0.003,0.005,0.008,0.021,0.0,0.003,0.039,0.0,0.005,0.01,0.0,0.021,0.003,0.0,0.015,0.0,0.008,0.015
Indonesia,54,0.0,0.0,0.0,0.037,0.0,0.0,0.0,0.037,0.056,0.0,0.074,0.0,0.0,0.0,0.019,0.111,0.0,0.0,0.056,0.019,0.093,0.0,0.0,0.019,0.0,0.0,0.0,0.148,0.0,0.0,0.0,0.019,0.037,0.019,0.019,0.0,0.0,0.0,0.0,0.0,0.0,0.019,0.0,0.0,0.0,0.0,0.0,0.0,0.019,0.0,0.0,0.0,0.074,0.0,0.019,0.0,0.0,0.0,0.019,0.0,0.0,0.019,0.0,0.019,0.0,0.0,0.0,0.0,0.0,0.0,0.0,0.0,0.0,0.0,0.037,0.019
Sumatra,180,0.0,0.039,0.0,0.061,0.0,0.0,0.006,0.044,0.022,0.0,0.039,0.022,0.0,0.0,0.0,0.061,0.006,0.0,0.083,0.0,0.05,0.0,0.0,0.0,0.017,0.0,0.0,0.094,0.0,0.017,0.006,0.006,0.039,0.0,0.006,0.0,0.0,0.0,0.0,0.011,0.028,0.017,0.028,0.006,0.0,0.0,0.0,0.006,0.017,0.0,0.0,0.0,0.089,0.0,0.0,0.011,0.0,0.006,0.0,0.022,0.0,0.033,0.0,0.0,0.011,0.0,0.0,0.006,0.0,0.017,0.0,0.0,0.006,0.0,0.067,0.006
Java,46,0.0,0.043,0.0,0.022,0.0,0.0,0.0,0.022,0.0,0.0,0.022,0.0,0.022,0.0,0.0,0.022,0.0,0.0,0.174,0.022,0.043,0.0,0.0,0.0,0.0,0.0,0.0,0.196,0.0,0.0,0.022,0.0,0.0,0.0,0.0,0.0,0.0,0.0,0.0,0.0,0.0,0.0,0.0,0.0,0.0,0.0,0.0,0.0,0.022,0.0,0.0,0.0,0.109,0.0,0.0,0.0,0.0,0.0,0.0,0.152,0.0,0.022,0.0,0.0,0.0,0.0,0.0,0.022,0.0,0.043,0.0,0.0,0.0,0.0,0.022,0.0
Borneo,157,0.0,0.0,0.006,0.07,0.013,0.0,0.019,0.019,0.057,0.0,0.045,0.013,0.013,0.006,0.013,0.108,0.032,0.0,0.045,0.013,0.006,0.0,0.0,0.057,0.0,0.0,0.0,0.089,0.0,0.013,0.0,0.0,0.025,0.013,0.013,0.0,0.0,0.0,0.0,0.0,0.0,0.045,0.006,0.0,0.0,0.0,0.0,0.013,0.006,0.0,0.0,0.006,0.07,0.0,0.006,0.038,0.0,0.0,0.0,0.0,0.0,0.006,0.0,0.013,0.019,0.006,0.0,0.019,0.0,0.006,0.019,0.006,0.0,0.0,0.019,0.006
Sulawesi,237,0.0,0.004,0.004,0.051,0.038,0.0,0.008,0.038,0.008,0.0,0.025,0.025,0.004,0.025,0.084,0.232,0.03,0.004,0.089,0.004,0.013,0.0,0.0,0.0,0.0,0.0,0.0,0.03,0.0,0.0,0.004,0.0,0.013,0.0,0.004,0.0,0.0,0.0,0.0,0.0,0.004,0.021,0.013,0.0,0.0,0.0,0.0,0.0,0.004,0.013,0.004,0.0,0.11,0.0,0.0,0.0,0.0,0.004,0.0,0.0,0.0,0.008,0.013,0.025,0.0,0.0,0.0,0.008,0.0,0.008,0.008,0.0,0.0,0.0,0.017,0.0
Bali,82,0.0,0.0,0.012,0.024,0.0,0.0,0.0,0.061,0.073,0.0,0.049,0.0,0.0,0.0,0.012,0.061,0.0,0.0,0.049,0.049,0.024,0.0,0.0,0.0,0.0,0.0,0.0,0.159,0.0,0.012,0.037,0.0,0.012,0.0,0.0,0.0,0.037,0.0,0.0,0.0,0.0,0.024,0.012,0.0,0.0,0.0,0.0,0.012,0.049,0.0,0.0,0.0,0.061,0.0,0.0,0.0,0.0,0.012,0.0,0.0,0.0,0.0,0.0,0.012,0.0,0.0,0.0,0.061,0.061,0.0,0.0,0.012,0.0,0.0,0.012,0.0
Lombok,44,0.0,0.0,0.0,0.045,0.0,0.0,0.0,0.0,0.0,0.0,0.068,0.023,0.023,0.0,0.023,0.091,0.0,0.0,0.136,0.0,0.091,0.0,0.0,0.0,0.0,0.0,0.0,0.068,0.0,0.0,0.023,0.0,0.0,0.0,0.0,0.0,0.0,0.023,0.0,0.0,0.0,0.068,0.0,0.023,0.023,0.0,0.0,0.0,0.091,0.0,0.0,0.0,0.023,0.0,0.0,0.0,0.0,0.0,0.0,0.0,0.0,0.0,0.0,0.0,0.0,0.0,0.0,0.114,0.0,0.045,0.0,0.0,0.0,0.0,0.0,0.0
Sumba,50,0.0,0.0,0.0,0.02,0.0,0.0,0.0,0.0,0.0,0.0,0.0,0.0,0.0,0.0,0.0,0.14,0.02,0.0,0.14,0.02,0.04,0.0,0.0,0.02,0.0,0.0,0.0,0.06,0.0,0.0,0.02,0.02,0.0,0.0,0.0,0.0,0.0,0.0,0.0,0.0,0.0,0.0,0.02,0.0,0.0,0.0,0.0,0.0,0.0,0.08,0.0,0.0,0.12,0.0,0.0,0.0,0.0,0.0,0.08,0.0,0.0,0.0,0.04,0.04,0.0,0.0,0.0,0.08,0.02,0.0,0.02,0.0,0.0,0.0,0.0,0.0
Alor_1,45,0.0,0.0,0.0,0.0,0.022,0.0,0.0,0.067,0.0,0.0,0.044,0.0,0.0,0.022,0.0,0.111,0.0,0.0,0.089,0.0,0.022,0.0,0.022,0.0,0.0,0.0,0.0,0.022,0.0,0.0,0.022,0.0,0.0,0.0,0.0,0.0,0.0,0.0,0.0,0.0,0.0,0.022,0.0,0.0,0.0,0.022,0.0,0.0,0.0,0.0,0.0,0.0,0.044,0.0,0.0,0.0,0.0,0.044,0.0,0.0,0.0,0.0,0.0,0.289,0.0,0.0,0.0,0.022,0.0,0.0,0.111,0.0,0.0,0.0,0.0,0.0
Ambon,43,0.0,0.0,0.0,0.093,0.14,0.0,0.047,0.0,0.0,0.0,0.07,0.0,0.0,0.047,0.023,0.07,0.047,0.0,0.116,0.0,0.023,0.0,0.0,0.0,0.0,0.0,0.0,0.07,0.0,0.0,0.023,0.0,0.0,0.0,0.0,0.0,0.0,0.0,0.0,0.0,0.0,0.023,0.023,0.0,0.0,0.0,0.0,0.023,0.023,0.0,0.0,0.0,0.023,0.0,0.0,0.0,0.0,0.0,0.0,0.0,0.0,0.0,0.0,0.116,0.0,0.0,0.0,0.0,0.0,0.0,0.0,0.0,0.0,0.0,0.0,0.0
Adonara,77,0.0,0.0,0.0,0.026,0.0,0.0,0.065,0.052,0.0,0.0,0.0,0.065,0.0,0.0,0.078,0.013,0.013,0.0,0.221,0.0,0.026,0.0,0.0,0.0,0.0,0.0,0.0,0.013,0.0,0.0,0.0,0.0,0.0,0.0,0.0,0.0,0.052,0.0,0.0,0.013,0.0,0.013,0.0,0.0,0.026,0.0,0.0,0.0,0.0,0.0,0.0,0.0,0.078,0.0,0.0,0.0,0.0,0.0,0.0,0.0,0.0,0.0,0.0,0.156,0.0,0.0,0.0,0.0,0.0,0.026,0.026,0.0,0.013,0.0,0.026,0.0
Alor_2,27,0.0,0.0,0.0,0.296,0.0,0.0,0.074,0.0,0.0,0.0,0.0,0.037,0.0,0.0,0.0,0.074,0.0,0.0,0.074,0.0,0.0,0.0,0.0,0.0,0.0,0.0,0.0,0.074,0.0,0.0,0.0,0.0,0.0,0.0,0.0,0.0,0.037,0.0,0.0,0.0,0.0,0.0,0.0,0.0,0.0,0.0,0.0,0.0,0.0,0.0,0.0,0.0,0.037,0.0,0.0,0.0,0.0,0.037,0.0,0.0,0.0,0.0,0.037,0.148,0.0,0.0,0.0,0.0,0.0,0.0,0.037,0.0,0.037,0.0,0.0,0.0
E-Timor,38,0.0,0.053,0.0,0.079,0.053,0.0,0.0,0.0,0.0,0.0,0.0,0.0,0.0,0.0,0.0,0.289,0.026,0.0,0.053,0.0,0.0,0.0,0.0,0.026,0.0,0.0,0.0,0.026,0.0,0.0,0.0,0.0,0.0,0.0,0.0,0.0,0.0,0.0,0.0,0.0,0.0,0.0,0.0,0.0,0.0,0.0,0.0,0.0,0.0,0.0,0.0,0.0,0.0,0.0,0.0,0.0,0.0,0.0,0.0,0.0,0.0,0.0,0.053,0.237,0.0,0.0,0.0,0.0,0.0,0.026,0.079,0.0,0.0,0.0,0.0,0.0
Flores,77,0.0,0.0,0.0,0.039,0.039,0.0,0.117,0.013,0.013,0.0,0.013,0.078,0.0,0.0,0.117,0.052,0.0,0.0,0.156,0.0,0.013,0.0,0.0,0.0,0.0,0.0,0.0,0.052,0.0,0.0,0.026,0.0,0.0,0.0,0.0,0.0,0.0,0.0,0.0,0.0,0.0,0.0,0.0,0.0,0.0,0.026,0.0,0.0,0.0,0.013,0.0,0.0,0.091,0.0,0.0,0.0,0.0,0.0,0.0,0.0,0.0,0.0,0.013,0.039,0.0,0.0,0.0,0.0,0.0,0.0,0.013,0.0,0.0,0.0,0.0,0.078
Lembata,34,0.0,0.029,0.0,0.088,0.0,0.0,0.088,0.029,0.0,0.0,0.029,0.0,0.0,0.0,0.059,0.059,0.0,0.0,0.176,0.0,0.029,0.0,0.0,0.0,0.0,0.0,0.0,0.029,0.0,0.0,0.0,0.0,0.0,0.0,0.0,0.0,0.029,0.0,0.0,0.0,0.0,0.0,0.0,0.0,0.0,0.0,0.0,0.0,0.0,0.0,0.0,0.0,0.0,0.0,0.0,0.0,0.0,0.0,0.0,0.0,0.0,0.0,0.059,0.176,0.0,0.0,0.0,0.0,0.0,0.029,0.059,0.0,0.0,0.0,0.029,0.0
Pantar,38,0.0,0.0,0.0,0.0,0.0,0.0,0.026,0.132,0.0,0.0,0.0,0.0,0.0,0.0,0.026,0.053,0.0,0.0,0.053,0.0,0.0,0.0,0.0,0.0,0.0,0.0,0.0,0.079,0.0,0.0,0.053,0.0,0.0,0.0,0.0,0.0,0.0,0.0,0.0,0.0,0.0,0.053,0.0,0.0,0.053,0.0,0.0,0.0,0.0,0.0,0.0,0.0,0.053,0.0,0.0,0.0,0.0,0.0,0.0,0.0,0.0,0.0,0.026,0.342,0.0,0.0,0.0,0.0,0.0,0.0,0.053,0.0,0.0,0.0,0.0,0.0
Solor,41,0.0,0.0,0.0,0.024,0.0,0.0,0.098,0.0,0.0,0.0,0.0,0.024,0.0,0.0,0.049,0.0,0.122,0.0,0.122,0.0,0.0,0.0,0.0,0.0,0.0,0.0,0.0,0.22,0.0,0.0,0.0,0.0,0.0,0.0,0.122,0.0,0.0,0.0,0.0,0.0,0.0,0.0,0.0,0.0,0.0,0.0,0.0,0.0,0.0,0.0,0.0,0.0,0.049,0.0,0.0,0.0,0.0,0.0,0.0,0.0,0.0,0.0,0.024,0.098,0.0,0.0,0.0,0.024,0.0,0.0,0.024,0.0,0.0,0.0,0.0,0.0
15
Population,Size,L1,L2,L3,D,M1,M5,N,I,W,X,R1,J/T,T,J,U,U6,K,HV,H,V
Algerians,47,0.064,0.064,0.149,0.0,0.128,0.0,0.0,0.0,0.0,0.021,0.0,0.0,0.042,0.128,0.021,0.0,0.042,0.34,0.0
Mauritanians,30,0.234,0.134,0.067,0.0,0.0,0.0,0.0,0.0,0.0,0.0,0.0,0.0,0.0,0.033,0.033,0.2,0.066,0.0,0.2,0.033
Moroccan Arabs,50,0.1,0.06,0.16,0.0,0.02,0.0,0.0,0.0,0.0,0.04,0.0,0.0,0.04,0.04,0.12,0.08,0.04,0.0,0.26,0.04
Moroccan Berbers,64,0.016,0.0,0.016,0.0,0.0,0.0,0.0,0.0,0.0,0.0,0.0,0.016,0.156,0.094,0.062,0.078,0.078,0.0,0.422,0.062
Mozabites,85,0.0,0.059,0.07,0.0,0.047,0.0,0.0,0.0,0.0,0.0,0.0,0.0,0.047,0.035,0.129,0.282,0.0,0.0,0.247,0.082
Saharawis,56,0.036,0.071,0.233,0.0,0.0,0.0,0.0,0.0,0.0,0.0,0.0,0.0,0.018,0.0,0.089,0.054,0.071,0.071,0.179,0.179
South Berbers,50,0.06,0.1,0.1,0.0,0.0,0.0,0.0,0.0,0.0,0.0,0.0,0.0,0.04,0.1,0.08,0.06,0.02,0.02,0.32,0.1
Tunisians,47,0.0,0.128,0.149,0.0,0.042,0.0,0.0,0.021,0.0,0.021,0.0,0.0,0.064,0.042,0.064,0.042,0.064,0.064,0.234,0.0
Northwest Africans,429,0.064,0.077,0.118,0.0,0.03,0.0,0.0,0.003,0.0,0.01,0.0,0.002,0.051,0.059,0.075,0.099,0.048,0.019,0.275,0.062
Andalusians,158,0.0,0.006,0.013,0.019,0.019,0.006,0.019,0.013,0.032,0.0,0.006,0.044,0.07,0.101,0.019,0.063,0.025,0.462,0.057
Basques,173,0.0,0.0,0.0,0.0,0.0,0.0,0.0,0.0,0.0,0.017,0.017,0.0,0.052,0.04,0.133,0.0,0.052,0.0,0.578,0.104
Catalans,78,0.0,0.0,0.013,0.0,0.0,0.0,0.013,0.0,0.051,0.026,0.0,0.0,0.077,0.026,0.09,0.0,0.064,0.013,0.564,0.051
Central Spain,50,0.02,0.02,0.0,0.0,0.0,0.02,0.0,0.0,0.02,0.02,0.0,0.0,0.1,0.08,0.2,0.02,0.02,0.02,0.46,0.0
Galicians,103,0.0,0.01,0.01,0.0,0.0,0.0,0.0,0.0,0.019,0.01,0.0,0.0,0.1,0.08,0.2,0.02,0.02,0.02,0.46,0.0
Valencia,30,0.0,0.034,0.0,0.0,0.0,0.0,0.066,0.0,0.0,0.0,0.0,0.0,0.0,0.066,0.166,0.0,0.1,0.034,0.533,0.0
Portugal,54,0.0,0.018,0.018,0.0,0.0,0.0,0.0,0.0,0.0,0.0,0.0,0.0,0.111,0.056,0.093,0.056,0.074,0.037,0.481,0.037
North Portuguese,100,0.01,0.03,0.01,0.0,0.0,0.0,0.0,0.01,0.02,0.0,0.0,0.0,0.11,0.06,0.16,0.07,0.03,0.0,0.41,0.08
Central Portuguese,82,0.013,0.024,0.024,0.0,0.013,0.0,0.013,0.0,0.013,0.036,0.0,0.0,0.11,0.061,0.146,0.0,3.7.3,0.0,0.378,0.073
South Portuguese,59,0.017,0.017,0.017,0.0,0.0,0.0,0.0,0.017,0.0,0.017,0.0,0.0,0.102,0.085,0.119,0.0,0.068,0.0,0.441,0.068
Iberians,887,0.006,0.016,0.01,0.0,0.003,0.004,0.01,0.005,0.014,0.016,0.002,0.001,0.073,0.065,0.131,0.018,0.058,0.014,0.492,0.05
Central Italy,83,0.0,0.0,0.012,0.012,0.0,0.0,0.0,0.0,0.012,0.036,0.0,0.0,0.157,0.06,0.096,0.0,0.072,0.012,0.47,0.048
Sardinians,73,0.014,0.014,0.0,0.0,0.014,0.0,0.014,0.0,0.014,0.014,0.0,0.0,0.123,0.055,0.123,0.0,0.055,0.027,0.507,0.027
Sicily,169,0.0,0.006,0.0,0.0,0.018,0.0,0.012,0.012,0.018,0.029,0.0,0.018,0.083,0.053,0.047,0.006,0.029,0.0,0.503,0.059
South Italy,37,0.027,0.0,0.054,0.0,0.0,0.0,0.027,0.0,0.054,0.054,0.027,0.027,0.135,0.027,0.054,0.0,0.027,0.0,0.459,0.027
Tuscans,49,0.0,0.0,0.02,0.0,0.0,0.0,0.0,0.041,0.02,0.061,0.0,0.0,0.102,0.143,0.122,0.0,0.082,0.02,0.388,0.0
Italians,411,0.008,0.004,0.017,0.002,0.006,0.0,0.011,0.011,0.024,0.039,0.005,0.009,0.12,0.068,0.088,0.001,0.053,0.012,0.465,0.032
16
Population,Size,L1a,L2a,L3b,L3d,M,C,D,G,Z,N,N1,N1a,N1b,N1c,N1d,N9a,I,A,W,X,R,R1,R2,R5,R6,B,F,(pre-HV),HV,HV1,HV2,H,V,U,U1,U2,U2a,U2b,U2c,U2e,U3,U4,U5,U7,U8b,U9,K,J1,J2,T,T1
Burushaski,44,0.0,0.0,0.0,0.0,0.227,0.023,0.0,0.0,0.0,0.023,0.0,0.0,0.0,0.0,0.0,0.0,0.045,0.023,0.023,0.023,0.0,0.0,0.0,0.023,0.0,0.023,0.0,0.0,0.0,0.0,0.0,0.068,0.0,0.0,0.068,0.0,0.023,0.091,0.0,0.0,0.023,0.045,0.023,0.068,0.0,0.0,0.045,0.068,0.0,0.023,0.023
Turkish,50,0.0,0.0,0.0,0.0,0.0,0.0,0.02,0.02,0.0,0.0,0.0,0.0,0.02,0.0,0.0,0.0,0.02,0.04,0.0,0.06,0.0,0.0,0.0,0.0,0.0,0.0,0.0,0.04,0.06,0.0,0.0,0.26,0.0,0.0,0.06,0.0,0.0,0.0,0.0,0.02,0.02,0.02,0.08,0.02,0.02,0.0,0.06,0.06,0.02,0.08,0.0
Georgian and Chechen,58,0.0,0.0,0.0,0.0,0.018,0.0,0.0,0.0,0.0,0.0,0.0,0.0,0.069,0.0,0.0,0.0,0.018,0.0,0.052,0.086,0.0,0.0,0.018,0.0,0.0,0.0,0.0,0.034,0.0,0.0,0.0,0.224,0.0,0.0,0.052,0.0,0.0,0.0,0.0,0.034,0.034,0.034,0.018,0.0,0.0,0.0,0.086,0.086,0.0,0.103,0.034
Gujarati,34,0.0,0.0,0.0,0.0,0.441,0.0,0.0,0.0,0.0,0.029,0.0,0.0,0.0,0.0,0.0,0.0,0.0,0.0,0.088,0.0,0.088,0.0,0.0,0.0,0.0,0.0,0.0,0.0,0.0,0.0,0.0,0.059,0.0,0.0,0.0,0.0,0.088,0.059,0.029,0.0,0.0,0.0,0.0,0.088,0.0,0.0,0.0,0.029,0.0,0.0,0.0
Uzbek,42,0.0,0.0,0.0,0.0,0.119,0.024,0.095,0.024,0.0,0.0,0.0,0.0,0.0,0.0,0.0,0.071,0.0,0.071,0.024,0.0,0.0,0.0,0.0,0.024,0.0,0.0,0.024,0.0,0.048,0.0,0.024,0.214,0.0,0.0,0.0,0.0,0.0,0.0,0.0,0.0,0.024,0.048,0.0,0.048,0.0,0.0,0.0,0.071,0.0,0.048,0.0
Turkmen,41,0.0,0.0,0.0,0.0,0.049,0.073,0.22,0.0,0.0,0.0,0.0,0.024,0.0,0.0,0.0,0.0,0.0,0.024,0.0,0.024,0.0,0.0,0.0,0.0,0.0,0.024,0.024,0.049,0.024,0.0,0.024,0.22,0.0,0.0,0.0,0.0,0.0,0.0,0.0,0.024,0.0,0.024,0.0,0.0,0.0,0.0,0.0,0.098,0.0,0.049,0.024
17
Population,Size,A1,A2,B1,B3,B4,B5,F,Y,H,V,J,T,U,K,W,X,N9,R,C1a,C2,C3,D,D1a,D2,D3,D4,D5,G1,G2,S,Z,M
Mansi,98,0.031,0.0,0.0,0.0,0.0,0.0,0.01,0.0,0.143,0.01,0.122,0.072,0.254,0.031,0.0,0.0,0.0,0.0,0.0,0.163,0.01,0.062,0.0,0.0,0.01,0.0,0.01,0.0,0.061,0.0,0.0,0.0,0.01
Ket,38,0.079,0.0,0.0,0.0,0.0,0.0,0.237,0.0,0.105,0.0,0.0,0.0,0.342,0.0,0.027,0.0,0.0,0.0,0.0,0.158,0.0,0.026,0.0,0.0,0.0,0.0,0.0,0.0,0.0,0.0,0.0,0.026,0.0
Nganasan,24,0.0,0.0,0.0,0.0,0.0,0.0,0.0,0.0,0.084,0.0,0.0,0.0,0.25,0.0,0.0,0.0,0.0,0.0,0.0,0.126,0.208,0.083,0.0,0.0,0.167,0.042,0.0,0.0,0.0,0.0,0.0,0.042,0.0
Nivkh,56,0.0,0.0,0.0,0.0,0.0,0.0,0.0,0.661,0.0,0.0,0.0,0.0,0.0,0.0,0.0,0.0,0.0,0.0,0.0,0.0,0.0,0.232,0.0,0.0,0.0,0.054,0.0,0.054,0.0,0.0,0.0,0.0,0.0
18
Population,Size,L2,M/N,I/W/N,A1,A1a,A1b,A1b1,A2a,A2b,N9a,N9b,Y,HV,JT,UK,R9a,R11,B,B4,B4a,B4a1,B4a2,B4a3,B4b,B4b1,B4c1,B4c1b,B4c2,B4f,B5,B5a,B5a1,B5b,B5b1,B5b2,B5b3,F,F1a,F1a1,F1b,F1c,F2,F2a,F2a1,F3,F4,F4b,M,M (PNG),M5/D4a/G1,M7a,M7a1,M7b,M7b1,M7b2,M7c,M8,M8a,M8a2,C,C1,C4a,C5,Z,G,G1a1/D,G2a,G2a1,G5,M9,M9a,M10,M12,D,D4,D4a,D4a1,D4b,D4d,D4k,D4n,D5,D5a
Japanese, 1312,0,0.013,0,0,0.0213,0.0457,0.0015,0,0,0.0457,0.0213,0.0038,0.0091,0,0,0.0008,0,0.013,0.0076,0.0084,0.0084,0,0,0.0053,0.0213,0.016,0.0061,0.0008,0.003,0,0,0.0061,0.003,0.0099,0.0229,0.0008,0.0023,0.0015,0.0152,0.0313,0,0,0.0015,0.0008,0.0008,0,0,0.0038,0,0.0046,0.0739,0.0008,0,0.0008,0.0473,0.0076,0.0015,0.0122,0,0,0.003,0.0008,0.0008,0.013,0.0053,0.0213,0.0168,0.0252,0,0,0.0244,0.013,0.0008,0.0008,0.189,0.0739,0.0053,0.0236,0.0267,0.0015,0.0061,0.0373,0.0107
Ryukyuan, 50,0,0.18,0,0,0,0.02,0,0,0,0,0.02,0,0.04,0,0,0,0,0,0.02,0,0.02,0,0,0,0.02,0,0,0,0.04,0,0,0,0.02,0,0,0,0,0,0,0.02,0,0,0,0,0,0,0,0.02,0,0,0.12,0.14,0,0,0.08,0.02,0,0,0,0,0,0,0,0,0,0,0.04,0,0,0,0.04,0,0,0,0.02,0,0.04,0.06,0,0,0,0.02,0
Ainu, 51,0,0.0196,0,0,0,0.0392,0,0,0,0,0.02,0.216,0,0,0,0,0,0,0,0,0,0,0,0,0,0,0,0,0.02,0,0,0,0,0,0,0,0,0,0,0.02,0,0,0,0,0,0,0,0.0392,0,0.137,0.157,0,0,0,0.0392,0,0,0,0,0,0,0,0,0,0,0.0588,0,0.0392,0,0,0.0196,0,0,0,0.0784,0.0196,0,0,0,0,0.0392,0,0.0392
Chinese, 213,0,0.0329,0,0,0,0.0516,0.0047,0,0,0.0376,0,0.0329,0.0047,0.0282,0,0.0188,0.0094,0.0047,0.0188,0.0235,0,0.0047,0.0047,0.0188,0,0,0.0188,0,0,0,0.0188,0.0047,0,0,0.0047,0,0.0094,0.0047,0.0282,0.0282,0.0141,0.0047,0.0047,0,0,0.0047,0,0,0,0.0094,0,0.0141,0.0047,0.0235,0.0047,0.0188,0.0047,0.0423,0,0.0141,0,0.0047,0,0.0235,0,0,0.0188,0.0516,0,0,0.0563,0.0235,0,0.0047,0.127,0.0423,0.0094,0.0141,0.0094,0,0,0.0188,0.0141
Chinese, 435,0,0.0161,0,0,0,0.0736,0.0046,0,0,0.0138,0,0.0138,0.0184,0.0115,0.0138,0.0069,0.0046,0.0184,0.0253,0.0161,0,0,0,0.0161,0,0,0,0,0,0,0.0069,0.0138,0.0138,0,0.0115,0,0.023,0.0161,0.0184,0.0299,0.0115,0.0046,0.0092,0,0.0046,0,0,0,0,0.0023,0.0023,0.0138,0.0046,0.0299,0.0069,0.0207,0,0.0092,0.0023,0.0667,0.0046,0.0092,0.0023,0.0276,0,0.0023,0,0.0092,0,0,0.0161,0.0184,0,0.0046,0.209,0,0.0138,0.0161,0.0069,0.0115,0.0023,0.0322,0.0391
Lahu, 32,0,0,0,0,0,0,0,0,0,0,0,0,0,0,0,0,0.125,0,0.0938,0,0,0,0.156,0,0,0,0,0,0,0,0,0,0,0,0,0,0,0.156,0.156,0,0,0.0313,0,0,0,0,0,0,0,0.188,0,0,0,0,0,0,0,0,0,0,0,0,0,0,0,0,0,0,0,0,0,0,0,0,0.0625,0,0,0,0.0313,0,0,0,0
Taiwanese, 208,0,0.024,0,0,0,0.0048,0,0,0,0,0,0.0096,0,0,0,0.0769,0,0,0,0.149,0.0048,0,0,0.0433,0,0,0.0481,0,0,0.0048,0.0625,0,0,0,0,0,0.0192,0,0.0721,0,0,0,0,0,0,0,0.101,0,0,0,0,0.0048,0,0.12,0,0.0433,0,0,0,0,0,0,0,0,0,0,0,0,0,0,0,0,0,0,0.135,0.0048,0,0,0,0,0,0.0625,0
Mansi, 98,0,0.0102,0,0,0,0.0306,0,0,0,0,0,0,0.184,0.194,0.255,0,0,0,0,0,0,0,0,0,0,0,0,0,0,0,0,0,0,0,0,0,0,0,0,0.0102,0,0,0,0,0,0,0,0,0,0,0,0,0,0,0.0102,0,0,0,0,0.122,0,0.0408,0.0102,0,0,0,0,0.0612,0,0,0,0,0,0.0204,0.0306,0,0,0.0102,0,0,0,0.0102,0
Koryak, 91,0,0,0,0,0,0.033,0,0,0.022,0,0,0.0989,0.011,0,0,0,0,0,0,0,0,0,0,0,0,0,0,0,0,0,0,0,0,0,0,0,0,0,0,0,0,0,0,0,0,0,0,0,0,0,0,0,0,0,0,0,0,0,0.209,0.264,0,0,0,0.0879,0,0,0,0,0.275,0,0,0,0,0,0,0,0,0,0,0,0,0,0
Korean, 537,0,0.0596,0.0037,0.0019,0.0354,0.0298,0.0074,0,0.0037,0.0391,0.0019,0.0223,0.0112,0,0,0,0,0,0.0074,0.0056,0.0056,0,0,0.0074,0.0056,0.0074,0.0056,0,0.0038,0,0,0.0354,0.0019,0,0.0093,0,0.0037,0.0074,0.0112,0.0205,0.0019,0,0.0019,0,0.0019,0,0,0.0019,0,0.0168,0.0335,0,0,0.0056,0.0279,0.0372,0.0037,0.0168,0.0037,0.0037,0,0.0037,0.0074,0.0149,0.0037,0.0205,0.0186,0.0149,0,0,0.0317,0.0466,0.0019,0.0019,0.184,0.0577,0.0242,0.0093,0.0093,0.0019,0.0019,0.0298,0.0056
Tibetan, 65,0,0.0923,0,0,0,0.0615,0,0,0.0308,0,0,0,0,0,0,0,0,0,0.0154,0,0,0,0,0,0,0,0,0,0,0,0,0,0,0,0,0,0.0154,0,0,0,0.0154,0,0,0,0,0,0,0,0,0,0,0,0,0,0,0.0308,0,0,0,0.0154,0,0,0,0.0923,0,0,0,0,0,0,0.108,0.0769,0.0615,0,0.123,0,0.0154,0.185,0,0.0308,0,0.0154,0.0154
Semang, 20,0.05,0,0,0,0,0,0,0,0,0,0,0,0,0,0,0,0,0,0,0,0,0,0,0,0,0,0,0,0,0,0,0,0,0,0,0,0,0,0,0,0,0,0,0,0,0,0,0,0,0.05,0,0,0,0,0,0,0,0,0,0,0,0,0,0,0,0.1,0,0,0,0,0,0,0,0,0,0.8,0,0,0,0,0,0,0
Philippines,32,0,0.0625,0,0,0,0,0,0,0,0,0,0.0313,0.0313,0,0,0.0313,0,0.0313,0,0,0,0,0,0,0,0,0,0,0,0,0.0313,0,0.125,0,0,0,0,0.125,0,0,0,0,0,0,0,0.0313,0,0,0,0,0.0625,0.0313,0,0,0,0.188,0,0,0,0,0,0,0,0,0,0,0,0,0,0,0,0,0,0,0.188,0,0,0,0,0,0,0.0313,0
Indonesia, 40,0,0.1,0,0,0,0,0,0,0,0.025,0,0.025,0.05,0,0.05,0,0,0,0,0,0,0,0,0,0,0,0,0,0,0,0,0,0,0,0,0,0,0.35,0.05,0,0,0,0,0.025,0,0.025,0,0,0.1,0.025,0,0,0,0.025,0,0.025,0,0,0,0,0,0,0,0,0,0,0,0,0,0,0,0,0,0,0.075,0,0,0,0,0,0.025,0.025,0
19
Population,Size,A,A6,B,B4,B4a,B4b1,B4e,B4f,B5,B5a,B5b,C,C5,D,D5,D5a,F,F1,F1a,F1a1,F1a1a,F1b,F1c,F2a,F3,G,G2,G3,M*,M7,M7b,M7b1,M7c1,M8,M8a,N*,N9a,R*,R9,R9b,R9c,Y,Z
Hmong,103,0.0679611650485,0.0194174757282,0.0,0.0194174757282,0.0485436893204,0.0291262135922,0.00970873786408,0.00970873786408,0.0,0.0582524271845,0.00970873786408,0.0776699029126,0.0194174757282,0.145631067961,0.0291262135922,0.0194174757282,0.0291262135922,0.0,0.0194174757282,0.0388349514563,0.0291262135922,0.0194174757282,0.0,0.0,0.00970873786408,0.0194174757282,0.00970873786408,0.0194174757282,0.0679611650485,0.00970873786408,0.0388349514563,0.0,0.0,0.0,0.0194174757282,0.00970873786408,0.0194174757282,0.00970873786408,0.0,0.0388349514563,0.00970873786408,0.00970873786408,0.00970873786408
Mien,370,0.00810810810811,0.0108108108108,0.0027027027027,0.0378378378378,0.0945945945946,0.0405405405405,0.0243243243243,0.00810810810811,0.0027027027027,0.116216216216,0.00540540540541,0.0243243243243,0.0297297297297,0.102702702703,0.00810810810811,0.0027027027027,0.0108108108108,0.0027027027027,0.0378378378378,0.027027027027,0.027027027027,0.0216216216216,0.00540540540541,0.0108108108108,0.0189189189189,0.0027027027027,0.0324324324324,0.0,0.0675675675676,0.0216216216216,0.0378378378378,0.0432432432432,0.0,0.0027027027027,0.0027027027027,0.0,0.0297297297297,0.027027027027,0.0108108108108,0.027027027027,0.00810810810811,0.0,0.00540540540541
20
Population,Size,A,B,C,D,E,F,G,H,HV*,HV0,HV1,HV2,I,J,K,L,M,M1,N,N1a,N1b,N1c,N1d,N2a,N9,R,R0a,T*(xT1),T1,U,U1,U2,U3,U4,U5,U6,U7,U8,U9,V,W,X,Y,Z
Andi,62,0.0,0.0,0.0,0.0,0.0,0.0,0.0645161290323,0.0806451612903,0.0,0.0,0.0,0.0,0.129032258065,0.0806451612903,0.0,0.0,0.0,0.0,0.0,0.0,0.0483870967742,0.0,0.0,0.0,0.0483870967742,0.0,0.0161290322581,0.129032258065,0.0,0.0,0.0322580645161,0.0322580645161,0.0322580645161,0.0,0.0645161290323,0.0,0.0322580645161,0.0,0.0,0.0,0.0161290322581,0.193548387097,0.0,0.0
Avar,61,0.0,0.0491803278689,0.0,0.0,0.0,0.0,0.0,0.229508196721,0.0655737704918,0.0,0.016393442623,0.0,0.016393442623,0.016393442623,0.131147540984,0.0,0.0,0.0,0.0,0.0,0.0,0.0,0.0,0.0,0.0,0.0,0.0,0.016393442623,0.0,0.0,0.0819672131148,0.0,0.0,0.0655737704918,0.131147540984,0.0,0.0,0.0,0.0,0.0491803278689,0.0819672131148,0.0491803278689,0.0,0.0
Chamalal,34,0.0,0.0,0.0,0.0,0.0,0.0,0.0,0.676470588235,0.0294117647059,0.0,0.0,0.0,0.0,0.0,0.0,0.0,0.0,0.0,0.0,0.0,0.0,0.0,0.0588235294118,0.0,0.0,0.0882352941176,0.0,0.0294117647059,0.0294117647059,0.0294117647059,0.0,0.0,0.0,0.0,0.0,0.0,0.0,0.0,0.0,0.0,0.0,0.0,0.0,0.0
Bagvalal,33,0.0,0.0,0.0,0.0,0.0,0.0,0.0,0.424242424242,0.212121212121,0.0,0.0,0.0,0.0,0.0,0.0,0.0,0.0,0.0,0.0,0.0,0.030303030303,0.0,0.0,0.0,0.0,0.0606060606061,0.0,0.181818181818,0.0,0.0,0.0,0.0,0.0,0.0606060606061,0.0,0.0,0.030303030303,0.0,0.0,0.0,0.0,0.0,0.0,0.0
Tabasaran,52,0.0,0.0,0.0,0.0384615384615,0.0,0.0,0.0,0.173076923077,0.0,0.0,0.0,0.0192307692308,0.0,0.134615384615,0.0576923076923,0.0,0.0,0.0,0.0,0.0192307692308,0.0384615384615,0.0,0.0,0.0,0.0,0.0,0.0,0.0384615384615,0.0384615384615,0.0192307692308,0.0192307692308,0.0769230769231,0.0769230769231,0.0769230769231,0.0961538461538,0.0,0.0,0.0192307692308,0.0,0.0,0.0,0.0576923076923,0.0,0.0
Chechen,176,0.0,0.0,0.0113636363636,0.0113636363636,0.0,0.0,0.0,0.244318181818,0.0113636363636,0.0,0.0,0.0,0.0454545454545,0.0340909090909,0.0568181818182,0.0,0.0,0.0113636363636,0.0,0.0,0.0340909090909,0.0,0.0,0.00568181818182,0.0227272727273,0.0170454545455,0.0,0.176136363636,0.0170454545455,0.0,0.0113636363636,0.0340909090909,0.0454545454545,0.0454545454545,0.0852272727273,0.0,0.0170454545455,0.0,0.0,0.00568181818182,0.0397727272727,0.0170454545455,0.0,0.0
Dargin,110,0.0,0.0,0.0,0.0,0.0,0.00909090909091,0.0,0.236363636364,0.0727272727273,0.0,0.0181818181818,0.0,0.0636363636364,0.109090909091,0.118181818182,0.0,0.0,0.0,0.0,0.0,0.0,0.0,0.0,0.00909090909091,0.0,0.0,0.0,0.0181818181818,0.0181818181818,0.0,0.0181818181818,0.0363636363636,0.0181818181818,0.0636363636364,0.136363636364,0.0,0.0,0.0,0.0,0.00909090909091,0.00909090909091,0.0363636363636,0.0,0.0
Ingush,103,0.0,0.0,0.0194174757282,0.0291262135922,0.0,0.0,0.0,0.281553398058,0.00970873786408,0.0,0.0,0.0,0.0776699029126,0.0291262135922,0.0388349514563,0.0,0.0,0.0485436893204,0.0,0.0,0.0,0.0,0.0,0.0,0.0485436893204,0.0,0.0,0.0388349514563,0.0194174757282,0.0194174757282,0.0194174757282,0.0194174757282,0.0873786407767,0.0291262135922,0.135922330097,0.0,0.00970873786408,0.0,0.0,0.00970873786408,0.0194174757282,0.00970873786408,0.0,0.0
Kumyk,112,0.0,0.0,0.0,0.00892857142857,0.0,0.0,0.0267857142857,0.241071428571,0.0178571428571,0.0,0.0,0.0178571428571,0.0535714285714,0.0803571428571,0.0267857142857,0.0,0.0,0.00892857142857,0.0,0.0,0.00892857142857,0.0,0.0,0.0,0.00892857142857,0.00892857142857,0.0,0.0982142857143,0.0178571428571,0.0,0.0446428571429,0.0267857142857,0.0625,0.0625,0.0535714285714,0.0,0.0446428571429,0.00892857142857,0.0,0.0,0.0178571428571,0.0535714285714,0.0,0.0
Lezgian,46,0.0,0.0,0.0,0.0434782608696,0.0,0.0,0.0,0.239130434783,0.0,0.0,0.0,0.0434782608696,0.130434782609,0.108695652174,0.0,0.0,0.0,0.0,0.0,0.0,0.0,0.0,0.0,0.0,0.0869565217391,0.0,0.0434782608696,0.0,0.0,0.0,0.0,0.0652173913043,0.0652173913043,0.130434782609,0.0,0.0,0.0,0.0,0.0,0.0,0.0434782608696,0.0,0.0,0.0,0.0,0.0,0.0,0.0434782608696,0.0,0.0
Abaza,105,0.0,0.0,0.047619047619,0.047619047619,0.0,0.0,0.00952380952381,0.27619047619,0.0,0.00952380952381,0.0,0.0,0.0285714285714,0.0380952380952,0.047619047619,0.0,0.0,0.0285714285714,0.0,0.0,0.0,0.0,0.0,0.0,0.0,0.0190476190476,0.0,0.0285714285714,0.00952380952381,0.0,0.00952380952381,0.0571428571429,0.114285714286,0.00952380952381,0.104761904762,0.0,0.0,0.0,0.0,0.0,0.0380952380952,0.0571428571429,0.0,0.0190476190476
Adyghe,155,0.0,0.00645161290323,0.0129032258065,0.00645161290323,0.0,0.0,0.0,0.367741935484,0.0129032258065,0.00645161290323,0.0193548387097,0.0,0.0322580645161,0.0129032258065,0.0838709677419,0.0,0.0,0.00645161290323,0.0,0.00645161290323,0.0,0.0,0.0,0.0,0.0,0.0516129032258,0.0,0.0645161290323,0.0258064516129,0.0,0.0129032258065,0.0258064516129,0.0451612903226,0.0193548387097,0.0967741935484,0.0,0.00645161290323,0.0,0.0,0.0,0.0451612903226,0.0322580645161,0.0,0.0
Kabardian,150,0.0,0.0,0.0666666666667,0.0333333333333,0.0,0.00666666666667,0.0,0.14,0.02,0.0,0.0266666666667,0.0,0.0133333333333,0.08,0.06,0.0,0.00666666666667,0.00666666666667,0.0,0.0,0.00666666666667,0.0,0.0,0.0,0.0,0.02,0.0,0.06,0.04,0.0,0.0333333333333,0.0466666666667,0.1,0.02,0.0733333333333,0.0,0.0,0.00666666666667,0.0,0.0,0.06,0.0666666666667,0.00666666666667,0.0
Ossetian,138,0.0,0.0,0.0144927536232,0.0797101449275,0.0,0.0,0.00724637681159,0.18115942029,0.0144927536232,0.0434782608696,0.0289855072464,0.0,0.0,0.123188405797,0.0869565217391,0.0,0.0,0.0289855072464,0.0,0.0,0.0144927536232,0.0,0.0,0.0,0.00724637681159,0.00724637681159,0.0,0.036231884058,0.0217391304348,0.0,0.0507246376812,0.0217391304348,0.0434782608696,0.00724637681159,0.0724637681159,0.0,0.0,0.0,0.0,0.0,0.0289855072464,0.0652173913043,0.00724637681159,0.00724637681159
Abkhaz,136,0.00735294117647,0.0,0.0588235294118,0.0294117647059,0.0,0.00735294117647,0.0,0.235294117647,0.0147058823529,0.0,0.0147058823529,0.0,0.0220588235294,0.0147058823529,0.0367647058824,0.0,0.0,0.00735294117647,0.0,0.0,0.0,0.0,0.0,0.0,0.0,0.0588235294118,0.0,0.00735294117647,0.0367647058824,0.0,0.0661764705882,0.0367647058824,0.0735294117647,0.0514705882353,0.0735294117647,0.0,0.0,0.0,0.0,0.0,0.0514705882353,0.0955882352941,0.0,0.0
Armenian,36,0.0,0.0,0.0,0.0,0.0,0.0,0.0,0.333333333333,0.0833333333333,0.0,0.0,0.0277777777778,0.0277777777778,0.0555555555556,0.0277777777778,0.0,0.0,0.0,0.0,0.0277777777778,0.0,0.0,0.0,0.0,0.0,0.0555555555556,0.0833333333333,0.0833333333333,0.0277777777778,0.0277777777778,0.0,0.111111111111,0.0,0.0,0.0,0.0,0.0,0.0,0.0,0.0
Balkarians,140,0.0142857142857,0.0,0.0,0.0285714285714,0.0,0.0,0.00714285714286,0.25,0.0214285714286,0.0,0.0142857142857,0.0,0.00714285714286,0.00714285714286,0.0571428571429,0.0,0.0,0.0,0.0,0.0,0.0142857142857,0.0,0.0,0.0,0.0,0.0357142857143,0.0,0.0714285714286,0.0357142857143,0.0,0.0785714285714,0.0357142857143,0.0642857142857,0.00714285714286,0.0142857142857,0.0,0.0214285714286,0.0,0.0,0.00714285714286,0.135714285714,0.0714285714286,0.0,0.0

Mitochondrial DNA phylogeny in Newick format, from Phylotree (32).
((((((((((L0a1a1:1,L0a1a2:2,L0a1a3:1)A200G:1,dummy0:1)L0a1a:2,((((L0a1b1a1:1,dummy1:1)L0a1b1a:1,dummy2:1)L0a1b1:2,(L0a1b2a:1,dummy3:1)L0a1b2:3)L0a1b:3,(L0a1c1:3,dummy4:1)L0a1c:1,L0a1d:3)A16293G:1,L0a1e:5)L0a1:1,L0a4:16)L0a1_4:1,((((L0a2a1a1:2,L0a2a1a2:2)L0a2a1a:1,L0a2a1b:2)L0a2a1:1,((L0a2a2a1:2,dummy5:1)L0a2a2a:1,dummy6:1)L0a2a2:4)L0a2a:2,(L0a2b1:1,dummy7:1)L0a2b:10,L0a2c:13,L0a2d:2)L0a2:9,L0a3:1)L0a:8,L0b:6)L0a_b:7,(L0f1:5,((L0f2a1:12,dummy8:1)L0f2a:3,L0f2b:24)L0f2:4)L0f:12)L0a_b_f:9,((((L0k1a1a:2,L0k1a1b:1,L0k1a1c:1,L0k1a1d:1)L0k1a1:2,L0k1a2:1,L0k1a3:4)L0k1a:6,L0k1b:6)L0k1:3,(((L0k2a1a:3,dummy9:1)L0k2a1:1,dummy10:1)L0k2a:4,L0k2b:1)L0k2:6)L0k:28)L0a_b_f_k:4,((((((L0d1a1a:2,((L0d1a1b1a:1,L0d1a1b1b:1)L0d1a1b1:2,dummy11:1)L0d1a1b:2,L0d1a1c:6)L0d1a1:3,dummy12:1)L0d1a:6,(((((L0d1c1a1a1:3,L0d1c1a1a2:1)L0d1c1a1a:1,L0d1c1a1b:1)L0d1c1a1:2,L0d1c1a2:3)L0d1c1a:2,dummy13:1)L0d1c1:2,((L0d1c2a1:4,dummy14:1)L0d1c2a:4,dummy15:1)L0d1c2:1,L0d1c3:4)L0d1c:8)L0d1a_c:1,(((L0d1b1a1:1,dummy16:1)L0d1b1a:5,L0d1b1b:5,(L0d1b1c:6,dummy17:1)C152T:1)L0d1b1:5,((L0d1b2a1:1,L0d1b2a2:3)L0d1b2a:7,((L0d1b2b1a:8,L0d1b2b1b:3)L0d1b2b1:2,(L0d1b2b2a:1,(L0d1b2b2b1:2,dummy18:1)L0d1b2b2b:1,(L0d1b2b2c1:1,L0d1b2b2c2:3)L0d1b2b2c:1)L0d1b2b2:4)L0d1b2b:1)L0d1b2:4)L0d1b:1)L0d1:5,((((((L0d2a1a1a:1,dummy19:1)L0d2a1a1:1,dummy20:1)L0d2a1a:1,L0d2a1b:3,L0d2a1c:4)L0d2a1:6,L0d2a2:8)L0d2a:4,((((L0d2b1a1a:1,dummy21:1)L0d2b1a1:2,dummy22:1)L0d2b1a:2,L0d2b1b:4)L0d2b1:11,L0d2b2:4)L0d2b:6,L0d2d:14)L0d2a_b_d:1,((L0d2c1a:3,L0d2c1b:2)L0d2c1:1,(L0d2c2a:1,dummy23:1)L0d2c2:6)L0d2c:13)L0d2:6)L0d1_2:4,(L0d3a:4,(L0d3b1:1,L0d3b2:1)L0d3b:8)L0d3:18)L0d:11)L0:10,((((((L1b1a1:3,(L1b1a4a:1,dummy24:1)L1b1a4:1)L1b1a1_4:1,(L1b1a2a:1,dummy25:1)L1b1a2:1,(((L1b1a3a1:1,dummy26:1)L1b1a3a:1,L1b1a3b:2)L1b1a3:1,L1b1a9:1,(L1b1a15a:1,dummy27:1)L1b1a15:2,L1b1a17:1,L1b1a18:3)A189G:1,L1b1a5:1,L1b1a6:2,(L1b1a7a:2,dummy28:1)L1b1a7:1,L1b1a8:1,(L1b1a10a:1,L1b1a10b:1)L1b1a10:1,(L1b1a12a:1,L1b1a12b:2)L1b1a12:2,L1b1a13:1,L1b1a14:1,L1b1a16:3)L1b1a:1,dummy29:1)L1b1:5,((L1b2a:4,dummy30:1)L1b2:5,L1b3:4)L1b2_3:1)L1b:23,((((((((((L1c1a1a1a:5,(L1c1a1a1b1:1,dummy31:1)L1c1a1a1b:3)L1c1a1a1:7,L1c1a1a2:4)L1c1a1a:6,L1c1a1b:12)L1c1a1:3,((L1c1a2a1:1,L1c1a2a2:1)L1c1a2a:3,L1c1a2b:5,L1c1a2c:3)L1c1a2:13)T198C:1,dummy32:1)L1c1a:3,((L1c1b1:5,dummy33:1)L1c1b:9,(L1c1d1:2,dummy34:1)L1c1d:5)L1c1b_d:1)L1c1a_b_d:1,L1c1c:11)L1c1:4,((((L1c2a1a:7,L1c2a1b:2)L1c2a1:2,L1c2a2:12,(L1c2a3a:6,dummy35:1)L1c2a3:4)L1c2a:4,((((L1c2b1a1:3,dummy36:1)L1c2b1a:3,(L1c2b1b1:3,dummy37:1)L1c2b1b:4)L1c2b1a_b:1,L1c2b1c:9)L1c2b1:1,L1c2b2:3)L1c2b:3)L1c2:12,(L1c4a:14,L1c4b:2)L1c4:12)L1c2_4:3,L1c6:4)L1c1_2_4_6:2,L1c5:18)L1c1_2_4_5_6:1,(((L1c3a1a:2,L1c3a1b:2)L1c3a1:1,dummy38:1)L1c3a:8,(((L1c3b1a:3,L1c3b1b:2)L1c3b1:8,L1c3b2:11)L1c3b:4,L1c3c:13)L1c3b_c:2)L1c3:8)L1c:16)L1:6,((((L5a1a:2,L5a1b:2,L5a1c:2)L5a1:4,L5a2:2)L5a:29,((L5b1a:6,L5b1b:1)L5b1:18,C195T459.1CdT1717CG1719AT2080CC2484TA3564GG3918AG4092AG4655AC4676TT4967CA6527GA7765GG7789AG7972GT9018C:1,L5b2:16)L5b:4)L5:7,(((((((L2a1a1:3,(((L2a1a2a1a:1,dummy39:1)L2a1a2a1:1,dummy40:1)L2a1a2a:1,L2a1a2b:1,L2a1a2c:3)L2a1a2:1,(L2a1a3a:1,L2a1a3b:1,L2a1a3c:2)L2a1a3:2)L2a1a:4,(((L2a1b1a:2,dummy41:1)L2a1b1:1,L2a1b2:1,(L2a1b3:2,dummy42:1)G143A:1)L2a1b:1,((L2a1f1a:1,dummy43:1)L2a1f1:1,L2a1f2:1,L2a1f3:1)L2a1f:1,L2a1g:5)T16189CC16192T:1,(((((L2a1c1a1:1,L2a1c1a2:1)L2a1c1a:1,dummy44:1)L2a1c1:4,L2a1c6:4)T16086C:1,(L2a1c2a:3,dummy45:1)L2a1c2:3,((L2a1c3a1:4,dummy46:1)L2a1c3a:1,(L2a1c3b1:1,L2a1c3b2:4)L2a1c3b:2)L2a1c3:1,((L2a1c4a1:1,dummy47:1)L2a1c4a:1,dummy48:1)L2a1c4:1,(L2a1c5:1,dummy49:1)G16129A:1)L2a1c:2,((L2a1d1:5,L2a1d2:1)L2a1d:6,L2a1h:3)G16309A:1,(L2a1e1:3,dummy50:1)L2a1e:3,(((L2a1i1:2,dummy51:1)L2a1i:2,L2a1q:3)G16309A:1,L2a1j:2,L2a1k:3,(((L2a1l1a1:1,L2a1l1a2:1)L2a1l1a:1,L2a1l1b:1)L2a1l1:1,((L2a1l2a1:1,dummy52:1)L2a1l2a:2,dummy53:1)L2a1l2:1,L2a1l3:2)L2a1l:1,((L2a1m1a:1,dummy54:1)L2a1m1:1,dummy55:1)L2a1m:1,L2a1n:2,L2a1o:1,L2a1p:3)T16189CC16192T:1)G143A:1)L2a1:4,((((L2a2a1:1,dummy56:1)L2a2a:3,((L2a2b1a:5,dummy57:1)L2a2b1:1,L2a2b2:3)L2a2b:3)L2a2:1,L2a3:6)L2a2_3:3,(L2a4a:7,L2a4b:6)L2a4:5)L2a2_3_4:5)L2a1_2_3_4:7,L2a5:9)L2a:2,(((((L2b1a2:1,L2b1a3:1,L2b1a4:1)L2b1a:2,L2b1b:2)L2b1:5,(L2b2a:6,dummy58:1)L2b2:3,(L2b3a:6,L2b3b:1,L2b3c:1)L2b3:1)L2b:17,((L2c1a:2,dummy59:1)L2c1:1,((L2c2a1:3,dummy60:1)L2c2a:1,((L2c2b1a:2,L2c2b1b:4)L2c2b1:2,L2c2b2:1)L2c2b:1)L2c2:2,(L2c3a:2,dummy61:1)L2c3:1,L2c4:1,L2c5:1)L2c:8)L2b_c:6,(((L2d1a:4,dummy62:1)L2d1:1,dummy63:1)G16129A:1,dummy64:1)L2d:20)L2b_c_d:1)L2a_b_c_d:2,((L2e1a:3,dummy65:1)L2e1:1,dummy66:1)L2e:25)L2:10,((L6a:2,L6b:1)L6:24,((((L4a1a:4,dummy67:1)L4a1:7,L4a2:2)L4a:10,((L4b1a:22,dummy68:1)L4b1:5,((L4b2a1:8,(L4b2a2a:3,L4b2a2b:4,L4b2a2c:3)L4b2a2:5)L4b2a:2,(L4b2b1:4,dummy69:1)L4b2b:4)L4b2:11)L4b:2)L4:3,(((L3a1a:2,L3a1b:7)L3a1:6,((L3a2a:4,dummy0:1)L3a2:2,dummy1:1)G709A:1)L3a:5,(((((L3b1a1a:1,dummy2:1)L3b1a1:1,L3b1a2:1,L3b1a3:2,L3b1a4:2,(L3b1a5a:1,dummy3:1)L3b1a5:1,(L3b1a6:3,dummy4:1)T152C:1,((L3b1a7a:1,dummy5:1)L3b1a7:4,L3b1a8:2,(L3b1a9a:1,dummy6:1)L3b1a9:1)C16124T:1,L3b1a10:2,L3b1a11:2)L3b1a:1,(L3b1b1:1,dummy7:1)L3b1b:3)L3b1:1,(L3b2a:2,L3b2b:3)L3b2:3,L3b3:7)L3b:12,(((L3f1a1:2,dummy8:1)L3f1a:5,((((L3f1b1a1:1,dummy9:1)L3f1b1a:3,dummy10:1)L3f1b1:1,(L3f1b2a:2,dummy11:1)L3f1b2:1,(L3f1b3:3,((L3f1b4a1:1,dummy12:1)L3f1b4a:2,L3f1b4b:1,L3f1b4c:1)L3f1b4:1)C150T:1,L3f1b5:1)C16292T:1,L3f1b6:1)L3f1b:9)L3f1:2,(((L3f2a1a:2,dummy13:1)L3f2a1:3,dummy14:1)L3f2a:2,L3f2b:7)L3f2:2,(L3f3a:1,L3f3b:1)L3f3:14)L3f:4)L3b_f:1,(L3c:16,(((((((L3d1a1a1:1,dummy15:1)L3d1a1a:5,L3d1a1b:8)L3d1a1:1,L3d1a2:1)L3d1a1_2:1,dummy16:1)L3d1a:3,((L3d1b1a:1,L3d1b1b:3)L3d1b1:1,L3d1b2:3,(L3d1b3a:1,dummy17:1)L3d1b3:3)L3d1b:1,(L3d1c1:2,dummy18:1)L3d1c:6,L3d1d:4)L3d1:1,(L3d2a:2,L3d2b:1)L3d2:3,(((L3d3a1a:1,L3d3a1b:1)L3d3a1:1,dummy19:1)L3d3a:8,L3d3b:1)L3d3:3,(L3d4a:2,dummy20:1)L3d4:2,(L3d5a:3,dummy21:1)L3d5:2,L3d6:5)L3d1_2_3_4_5_6:1,dummy22:1)L3d:6)L3c_d:2,(((((L3e1a1a:1,dummy23:1)L3e1a1:3,L3e1a2:8,(L3e1a3a:2,L3e1a3b:3)L3e1a3:1)L3e1a:1,(L3e1b1:1,L3e1b2:4)L3e1b:2,L3e1c:5,((L3e1d1a:1,dummy24:1)L3e1d1:3,dummy25:1)L3e1d:2,(L3e1e1:1,L3e1e2:6)L3e1e:1,((L3e1f1a:2,dummy26:1)L3e1f1:1,L3e1f2:4)L3e1f:1,L3e1g:10)L3e1:8,(((L3e2a1a:4,(L3e2a1b1:1,L3e2a1b2:2,L3e2a1b3:1)L3e2a1b:1)L3e2a1:1,L3e2a2:1,L3e2a3:2)L3e2a:3,(((L3e2b1a1:1,L3e2b1a2:2)L3e2b1a:1,dummy27:1)L3e2b1:1,L3e2b2:1,(L3e2b3:1,L3e2b4:1,L3e2b5:1,L3e2b6:2)T152C:1,L3e2b7:1,L3e2b8:1)L3e2b:2)L3e2:3,(((L3e3a:3,(L3e3b1:1,L3e3b2:1,L3e3b3:1)L3e3b:5)L3e3:8,((L3e4a1:1,dummy28:1)L3e4a:1,dummy29:1)L3e4:5)L3e3_4:1,(((L3e5a1a:1,dummy30:1)L3e5a1:1,dummy31:1)L3e5a:1,L3e5b:1,(L3e5c:1,dummy32:1)T195C:1,L3e5d:2,L3e5e:2,L3e5f:3)L3e5:3)L3e3_4_5:1)L3e:2,((L3i1a:3,L3i1b:2)L3i1:4,L3i2:8)L3i:1,(L3k1:7,dummy33:1)L3k:10,(((L3x1a1:3,L3x1a2:1)L3x1a:1,(L3x1b:1,dummy34:1)T16311C:1)L3x1:3,(((L3x2a1a:3,dummy35:1)L3x2a1:4,dummy36:1)L3x2a:2,L3x2b:5)L3x2:6)L3x:7)L3e_i_k_x:2,(((L3h1a1:8,((L3h1a2a1:2,dummy37:1)L3h1a2a:9,L3h1a2b:1)L3h1a2:1)L3h1a:1,((L3h1b1a:2,dummy38:1)L3h1b1:1,L3h1b2:11)L3h1b:5)L3h1:6,L3h2:18)L3h:2,((((((M1a1a1:4,dummy0:1)M1a1a:1,((M1a1b1a:1,(M1a1b1b1:1,dummy1:1)M1a1b1b:1,M1a1b1c:2)M1a1b1:1,M1a1b2:1)M1a1b:2,(M1a1c:5,M1a1d:3)T16093C:1,(M1a1e1:1,M1a1e2:1)M1a1e:1,M1a1f:1,M1a1g:4,M1a1h:2,M1a1i:4)M1a1:3,(M1a2a:3,M1a2b:3)M1a2:1,(M1a3a:1,(M1a3b1:3,dummy2:1)M1a3b:1)M1a3:2,(M1a4a:2,dummy3:1)M1a4:2,M1a5:8,M1a6:1,M1a7:1,M1a8:1)M1a:2,((M1b1a:2,M1b1b:2)M1b1:5,(M1b2a:2,M1b2b:3,M1b2c:1)M1b2:2)M1b:1)M1:9,M20:20,(((M51a1a:6,M51a1b:7)M51a1:3,M51a2:7)M51a:1,((M51b1a:2,M51b1b:9)M51b1:3,dummy4:1)M51b:1)M51:8)M1_20_51:1,(((((((M2a1a1a1:2,dummy5:1)M2a1a1a:1,(M2a1a1b1:1,dummy6:1)M2a1a1b:1)M2a1a1:2,(((M2a1a2a1a:1,dummy7:1)M2a1a2a1:3,dummy8:1)M2a1a2a:1,dummy9:1)M2a1a2:1,((((M2a1a3a1:1,dummy10:1)M2a1a3a:1,M2a1a3b:1)T16093C:1,dummy11:1)M2a1a3:2,dummy12:1)G207A:1)M2a1a:2,M2a1b:7,M2a1c:2)M2a1:6,(M2a2a:2,dummy13:1)M2a2:6,(M2a3a:1,dummy14:1)M2a3:4)M2a:2,((M2b1a:6,M2b1b:9)M2b1:2,M2b2:1,(M2b3a:2,dummy15:1)M2b3:1,M2b4:5)M2b:14)M2a_b:2,M2c:4)M2:5,((((M3a1a:1,dummy16:1)T204C:1,dummy17:1)M3a1:1,(M3a2a:3,dummy18:1)M3a2:2)M3a:1,M3b:3,(((M3c1a:1,((M3c1b1a:2,M3c1b1b:1)M3c1b1:2,dummy19:1)M3c1b:4)M3c1:6,dummy20:1)T152C:1,M3c2:1)M3c:1,(((M3d1a1:1,dummy21:1)M3d1a:1,dummy22:1)M3d1:2,dummy23:1)M3d:2)M3:2,((M4:5,((M65a1:5,(M65a2:2,dummy24:1)C16311T:1)M65a:3,M65b:3)M65:1,M67:13)T16311C:1,((M18a:2,M18b:3,M18c:3)M18:3,(M38a:5,(M38b:10,M38c:7)T195C:1,(M38d:7,M38e:8)T199C:1)M38:3)M18_38:1,((M30a1:1,M30a2:1)M30a:1,M30b:4,(((M30c1a1:1,dummy25:1)M30c1a:1,dummy26:1)M30c1:1,dummy27:1)M30c:2,(M30d1:1,M30d2:1)M30d:2,(M30e:3,dummy28:1)C16234T:1,M30f:2,M30g:2)M30:2,((((M37a1:1,dummy29:1)M37a:1,M37d:1)C151T:1,dummy30:1)T152C:1,(M37e2:1,dummy31:1)M37e:4)M37:1,(((M43a1:4,dummy32:1)M43a:1,dummy33:1)T16311C:1,M43b:2)M43:4,(M45a:6,dummy34:1)M45:3,M54:4,M63:11,M64:10,(M66a:2,M66b:1)M66:6)M4"67:1,((((M5a1a:4,M5a1b:2)M5a1:3,(((M5a2a1a:1,dummy35:1)M5a2a1:1,M5a2a2:2,M5a2a3:2)M5a2a:1,dummy36:1)M5a2:1,(M5a3a:2,M5a3b:2)M5a3:2,M5a4:4,M5a5:2)M5a:1,M5d:4)M5a_d:3,((M5b1:5,(M5b2a:2,((M5b2b1a:3,dummy37:1)M5b2b1:2,dummy38:1)M5b2b:1)M5b2:2)M5b:1,(M5c1:5,M5c2:5)M5c:2)M5b_c:1)M5:2,(((M6a1a:2,M6a1b:8)M6a1:3,M6a2:4)M6a:3,M6b:4)M6:6,((((((M7a1a1a:1,dummy39:1)M7a1a1:1,M7a1a2:4,M7a1a3:2,(M7a1a4a:3,dummy40:1)M7a1a4:2,(M7a1a5a:1,dummy41:1)M7a1a5:1,(M7a1a6a:2,dummy42:1)M7a1a6:1,M7a1a7:1,M7a1a8:2,M7a1a9:1)M7a1a:2,(M7a1b1:4,M7a1b2:6)M7a1b:3)M7a1:2,dummy43:1)T16324C:1,((M7a2a1:3,M7a2a2:3)M7a2a:2,dummy44:1)M7a2:1)M7a:6,(((((((M7b1a1a1a:1,(M7b1a1a1b1:1,dummy45:1)M7b1a1a1b:1,M7b1a1a1c:1,M7b1a1a1d:1)M7b1a1a1:2,M7b1a1a2:2,M7b1a1a3:3)M7b1a1a:1,M7b1a1b:3,((M7b1a1c1:2,dummy46:1)M7b1a1c:4,(M7b1a1d1:1,dummy47:1)M7b1a1d:1,(M7b1a1e1:1,M7b1a1e2:2)M7b1a1e:1,M7b1a1f:1,M7b1a1g:2,M7b1a1h:1,M7b1a1i:1)C16192T:1)M7b1a1:2,((M7b1a2a1:1,dummy48:1)M7b1a2a:1,dummy49:1)M7b1a2:8)M7b1a:5,M7b1b:8)M7b1:5,(M7b2a:2,dummy50:1)M7b2:6)M7b:1,(((((M7c1a1a1:1,dummy51:1)M7c1a1a:1,dummy52:1)M7c1a1:2,((M7c1a2a1:1,dummy53:1)M7c1a2a:3,dummy54:1)M7c1a2:1,(M7c1a3a:1,dummy55:1)M7c1a3:1,(M7c1a4a:3,M7c1a4b:2)M7c1a4:1,M7c1a5:6)M7c1a:1,(M7c1b1:1,(M7c1b2a:1,M7c1b2b:2)M7c1b2:2)M7c1b:1,(M7c1c1:5,(M7c1c2a:1,dummy56:1)M7c1c2:2,((M7c1c3a1:2,dummy57:1)M7c1c3a:2,M7c1c3b:1,M7c1c3c:4,M7c1c3d:3,M7c1c3e:1,M7c1c3f:2,M7c1c3g:1,M7c1c3h:1,M7c1c3i:1)M7c1c3:1)M7c1c:2)M7c1:3,(M7c2a:1,dummy58:1)M7c2:9,M7c3:13)M7c:4)M7b_c:1)M7:2,((M8a1:6,((((M8a2a1:2,dummy59:1)M8a2a:2,M8a2b:3)T152C:1,M8a2c:1,M8a2d:5)M8a2:1,((M8a3a1:1,dummy60:1)M8a3a:1,dummy61:1)M8a3:1)M8a2_3:1)M8a:4,(((C1a:3,(C1b1:1,C1b2:5,C1b3:1,C1b4:7,(C1b5a:1,C1b5b:2)C1b5:2,C1b6:4,((C1b7a:1,dummy62:1)C1b7:1,C1b10:5)T16311C:1,(C1b8a:5,dummy63:1)C1b8:2,C1b9:2,C1b11:1,C1b12:1,((C1b13a1:2,dummy64:1)C1b13a:1,C1b13b:2,(C1b13c1:1,dummy65:1)C1b13c:1,C1b13d:2,C1b13e:1)C1b13:2,C1b14:3)C1b:1,((C1c1a:1,C1c1b:1)C1c1:1,C1c2:4,C1c3:7,C1c4:2,C1c5:2,(C1c6:2,C1c7:5)T195C:1,C1c8:2)C1c:2,((((C1d1a1:2,dummy66:1)C1d1a:3,(C1d1b1:1,dummy67:1)C1d1b:2,(C1d1c1:2,dummy68:1)C1d1c:2,C1d1d:1)C1d1:1,(C1d2a:2,dummy69:1)C1d2:1,C1d3:3)C194T:1,dummy70:1)C1d:1,C1e:11,C1f:1)C1:2,(((((((C4a1a1:3,dummy71:1)C4a1a:2,((C4a1b1:1,dummy72:1)C4a1b:1,((C4a1c1a:1,dummy73:1)C4a1c1:1,C4a1c2:1)C4a1c:1,C4a1d:1)T195C:1)G16129A:1,C4a1e:3)C4a1:3,C4a5:3)C4a1_5:1,(C4a2:4,(C4a3a:3,(C4a3b1:4,dummy74:1)C4a3b:4)C4a3:3,(C4a4a:5,(C4a4b1:1,dummy75:1)C4a4b:2)C4a4:3)C4a2_3_4:1)C4a:1,((C4b1a:2,dummy76:1)C4b1:2,C4b2:2,(C4b3a:1,dummy77:1)C4b3:1,C4b5:1,C4b6:1,C4b7:2,C4b8:3)C4b:1,((C4c1a:2,C4c1b:1)C4c1:1,C4c2:8)C4c:2)C4a_b_c:1,((C4d:3,dummy78:1)T16093C:1,C4e:3)T152C:1)C4:3,((C5a1:2,C5a2:3)C5a:3,(((C5b1a1:1,dummy79:1)C5b1a:2,C5b1b:4)C5b1:1,dummy80:1)C5b:1,(((C5c1a:1,dummy81:1)C5c1:2,dummy82:1)C5c:3,(C5d1:3,C5d2:2)C5d:1)T16093C:1)C5:2,((((C7a1a1:4,C7a1a2:5)C7a1a:2,C7a1c:2,C7a1d:4)C7a1:3,(C7a2a:4,dummy83:1)C7a2:2)C7a:1,(C7b:3,dummy84:1)A16051G:1)C7:2)C:6,(((((Z1a1a:2,Z1a1b:2)Z1a1:1,(Z1a2a:1,dummy85:1)Z1a2:1,Z1a3:1)Z1a:4,dummy86:1)Z1:1,Z2:4,(((Z3a1a:2,dummy87:1)Z3a1:1,Z3a2:5)Z3a:4,Z3b:3,(Z3c:1,dummy88:1)G709A:1)Z3:1,((((Z4a1a1:6,dummy89:1)Z4a1a:1,dummy90:1)Z4a1:3,dummy91:1)Z4a:1,dummy92:1)Z4:3,Z7:8)T152C:1,Z5:8)Z:5)CZ:1)M8:5,((((((M9a1a1a:2,M9a1a1b:3,((M9a1a1c1a:1,(((M9a1a1c1b1a1:1,M9a1a1c1b1a2:2)M9a1a1c1b1a:1,dummy93:1)M9a1a1c1b1:2,M9a1a1c1b2:1)M9a1a1c1b:2,M9a1a1c1c:1)M9a1a1c1:1,dummy94:1)M9a1a1c:2,M9a1a1d:1)M9a1a1:1,M9a1a2:2)M9a1a:1,((((M9a1b1a1:2,dummy95:1)M9a1b1a:1,M9a1b1b:2,M9a1b1c:1)M9a1b1:1,M9a1b2:1)C150T:1,dummy96:1)M9a1b:3)M9a1:1,((M9a4a1:2,dummy97:1)M9a4a:1,M9a4b:1)M9a4:1,M9a5:3)M9a:2,M9b:8)M9a_b:2,(((((E1a1a1:1,E1a1a2:2,E1a1a3:2)E1a1a:1,dummy98:1)E1a1:1,(E1a2a:1,dummy99:1)E1a2:1)E1a:1,((E1b1:1,dummy100:1)C16261T:1,dummy101:1)E1b:3)E1:4,((E2a1:1,E2a3:2)E2a:1,(E2b1:1,E2b2:2)E2b:1)E2:5)E:5)M9:2,((((((M10a1a1a:3,(M10a1a1b1:2,dummy102:1)M10a1a1b:2)M10a1a1:3,dummy103:1)M10a1a:1,dummy104:1)G16129A:1,M10a1b:1)M10a1:1,M10a2:2)M10a:4,dummy105:1)M10:10,((((M11a1:1,M11a2:2)M11a:2,((M11b1a:3,dummy106:1)M11b1:3,M11b2:2)M11b:1)M11a_b:1,M11d:5)A200G:1,M11c:3)M11:9,(((((M12a1a1:3,M12a1a2:5)M12a1a:2,M12a1b:4)M12a1:3,M12a2:3)M12a:2,(((M12b1a1:2,(M12b1a2a:2,M12b1a2b:1)M12b1a2:2)M12b1a:3,M12b1b:6)M12b1:1,(M12b2a:3,dummy107:1)M12b2:5)M12b:3)M12:8,(((((G1a1a1:1,G1a1a2:1,G1a1a3:3,G1a1a4:1)G1a1a:2,dummy108:1)G1a1:2,(G1a2:2,G1a3:3)G1a2_3:1)G1a:2,G1b:6,G1c:2)G1:3,((((G2a1b:6,(((G2a1c1:1,G2a1c2:1)G2a1c:1,dummy109:1)A16194G:1,((G2a1d1a:1,dummy110:1)G2a1d1:2,(G2a1d2a:2,dummy111:1)G2a1d2:3)G2a1d:3)T16189C:1,G2a1e:2,(G2a1f1:3,dummy112:1)G2a1f:1,G2a1g:2,G2a1h:3)G2a1:1,((G2a2a:2,dummy113:1)G2a2:3,G2a3:7,G2a4:3,G2a5:6)T152C:1)G2a:4,G2c:7)G2a_c:1,(((G2b1a1:5,G2b1a2:3)G2b1a:1,G2b1b:2)G2b1:1,(G2b2a:2,G2b2b:2,G2b2c:2)G2b2:1)G2b:1)G2:2,((((G3a1a:1,dummy114:1)G3a1:5,(G3a2a:5,dummy115:1)G3a2:2)G3a1_2:1,G3a3:2)G3a:1,(G3b1:2,G3b2:1)G3b:3)G3:1,G4:12)G:4)M12_G:1,(((((M13a1a:3,M13a1b:1)M13a1:2,M13a2:6)M13a:8,(M13b1:3,M13b2:8)M13b:6)M13a_b:1,M13c:5)M13:1,((M46a:13,dummy116:1)M46:2,(M61a:5,dummy117:1)M61:6)T16362C:1)M13_46_61:2,M14:3,M15:13,(M17a:10,((((M17c1a1a:1,dummy118:1)M17c1a1:3,dummy119:1)M17c1a:1,dummy120:1)M17c1:2,dummy121:1)M17c:1)M17:3,(M19:13,(M53b:4,dummy122:1)M53:10)M19_53:1,(M21a:10,((M21b1a:2,dummy123:1)M21b1:2,(M21b2:13,dummy124:1)A210G:1)M21b:3)M21:1,(M22a:3,M22b:1)M22:3,(M23:17,M75:11)M23_75:1,((M24a:3,M24b:5)M24:5,((M41a1:3,dummy125:1)M41a:1,M41b:1,M41c:2)M41:8)M24_41:1,M26:15,(M27a:25,M27b:27,M27c:12)M27:3,(M28a:4,M28b:4)M28:10,((M29a:7,M29b:1)M29:11,((((Q1a:1,Q1b:2,Q1c:8)T16223C:1,dummy126:1)Q1:9,((Q2a1:4,Q2a2:2)Q2a:5,Q2b:12)Q2:4)Q1_2:1,(((Q3a1:2,dummy127:1)C61TG62A:1,dummy128:1)Q3a:2,Q3b:8)Q3:2)Q:6)M29_Q:2,(((M31a1a:1,M31a1b:1)M31a1:9,M31a2:10)M31a:3,((M31b1:1,M31b2:3)M31b:3,M31c:7)M31b_c:2)M31:4,((M32a:9,M32c:18)M32:2,M56:3)M32_56:1,(((M33a1a:7,M33a1b:6)M33a1:1,((M33a2a:3,dummy129:1)M33a2:3,(M33a3a:3,dummy130:1)M33a3:2)M33a2_3:1)M33a:2,((M33b1:4,M33b2:1)M33b:5,M33c:6)T16362C:1,M33d:14)M33:1,((((M34a1a:2,dummy131:1)M34a1:4,M34a2:3)M34a:4,M34b:5)M34:5,((M57a:1,dummy132:1)T152C:1,(M57b1:3,dummy133:1)M57b:6)M57:4)M34_57:1,((((M35a1a:3,dummy134:1)M35a1:1,M35a2:2)M35a:5,((M35b1:3,M35b2:1,M35b3:3)T16304C:1,M35b4:3)M35b:1)T199C:1,M35c:5)M35:1,(M36a:7,M36b:11,M36c:10,(M36d1:5,dummy135:1)M36d:3)M36:3,(((M39a1:1,M39a2:4)M39a:5,(M39b1:2,M39b2:1)M39b:2,M39c:6)M39:6,M70:9)M39_70:1,(((M40a1a:3,M40a1b:1)M40a1:2,dummy136:1)M40a:4,dummy137:1)M40:4,((M42a:6,((M42b1a:3,dummy138:1)M42b1:6,dummy139:1)M42b:3)M42:1,(M74a:7,(M74b1:5,M74b2:6)M74b:4)M74:4)M42_74:1,((M44a1:1,dummy140:1)M44a:2,dummy141:1)M44:3,M47:5,M48:6,((M49a1:2,M49a2:3)M49a:5,(M49c1:1,dummy142:1)M49c:2,M49d:4,(M49e1:1,dummy143:1)M49e:3)M49:2,((M50a1:9,M50a2:3)M50a:6,dummy144:1)M50:3,(((M52a1a:1,(M52a1b1:8,dummy145:1)M52a1b:2)M52a1:2,dummy146:1)M52a:3,((M52b1a:9,dummy147:1)M52b1:1,dummy148:1)M52b:1)M52:5,(M55:18,M77:14)M55_77:1,M58:2,M59:7,((M60a1:1,M60a2:3)M60a:2,M60b:9)M60:2,((M62a:5,((((M62b1a1:2,dummy149:1)M62b1a:4,dummy150:1)M62b1:1,M62b2:2)T204C:1,dummy151:1)M62b:1)M62:9,(((M68a1a:3,dummy152:1)M68a1:5,(M68a2a:2,dummy153:1)M68a2:4)M68a:16,dummy154:1)M68:1)M62_68:3,(M69a:14,dummy155:1)M69:2,((((M71a1a:1,dummy156:1)M71a1:4,M71a2:8)M71a:1,M71b:6)C151T:1,M71c:10)M71:3,(M72a:1,dummy157:1)M72:6,(((M73a1:3,dummy158:1)M73a:4,M73b:9)M73:5,M79:14)M73_79:2,(M76a:12,dummy159:1)M76:10,M81:15,(M91a:7,M91b:10)M91:6,(M80:17,((((D1a1:5,D1a2:6)D1a:1,D1b:4,D1c:2,(D1d1:1,D1d2:2)D1d:2,D1e:3,(D1f1:4,D1f2:2,(D1f3:2,dummy0:1)T16189C:1)D1f:1,((D1g1a:1,D1g1b:1)D1g1:5,((D1g2a:4,dummy1:1)D1g2:2,D1g5:7)T16189C:1,D1g3:1,D1g4:9,D1g6:6)D1g:2,(D1h1:3,D1h2:4)D1h:2,(D1i1:3,D1i2:5)D1i:2,(((D1j1a1:1,D1j1a2:4)D1j1a:3,dummy2:1)D1j1:1,dummy3:1)D1j:3,D1k:1,D1m:4,D1n:1)D1:2,((((D4a1a1a:1,dummy4:1)D4a1a1:1,dummy5:1)D4a1a:1,(D4a1b1:1,dummy6:1)D4a1b:1,D4a1c:1,D4a1d:1,D4a1e:2,(D4a1f1:1,dummy7:1)D4a1f:1,D4a1g:1,D4a1h:1)D4a1:1,(D4a2a:3,D4a2b:1)D4a2:1,(D4a3a:1,(D4a3b1:3,D4a3b2:3)D4a3b:1)D4a3:2,(D4a4:4,dummy8:1)C16294T:1,D4a5:2)D4a:5,((((D4b1a1a:1,dummy9:1)D4b1a1:7,((D4b1a2a1:1,D4b1a2a2:2)D4b1a2a:1,dummy10:1)D4b1a2:2)D4b1a:1,((((D4b1b1a1:1,dummy11:1)D4b1b1a:2,dummy12:1)D4b1b1:2,D4b1b2:2)D4b1b:2,D4b1d:8)D4b1b_d:1,(D3:4,dummy13:1)D4b1c:3)D4b1:4,((D4b2a1:3,((D4b2a2a1:1,D4b2a2a2:1)D4b2a2a:2,D4b2a2b:1)D4b2a2:2)D4b2a:1,((D4b2b1a:1,D4b2b1b:2,D4b2b1c:1,(D4b2b1d:1,dummy14:1)T146C:1)D4b2b1:1,((D4b2b2a1:1,dummy15:1)D4b2b2a:1,D4b2b2b:3,D4b2b2c:3)D4b2b2:1,D4b2b3:4,D4b2b4:2,D4b2b5:1,D4b2b6:3,D4b2b7:4)D4b2b:2,D4b2d:5)D4b2:3)D4b:1,(((D4c1a1:1,dummy16:1)D4c1a:6,(D4c1b1:3,D4c1b2:1)D4c1b:3)D4c1:2,(D4c2a:4,D4c2b:2,D4c2c:1)D4c2:2)D4c:1,D4d:8,((((D4e1a1:3,(D4e1a2a:3,dummy17:1)D4e1a2:1,D4e1a3:1)D4e1a:4,D4e1c:1,((((D2a1a:1,D2a1b:2)D2a1:1,D2a2:1)D2a:1,((D2b1a:1,dummy18:1)D2b1:1,D2b2:2)D2b:2)D2a_b:2,D2c:4)D2:2)D4e1:2,D4e3:2)D4e1_3:1,(D4e2a:2,D4e2b:1,D4e2c:1,D4e2d:1)D4e2:1,((D4e4a1:3,dummy19:1)D4e4a:1,D4e4b:2)D4e4:2,(D4e5a:3,D4e5b:2)D4e5:4)D4e:1,(D4f1:4,dummy20:1)D4f:1,((D4g1a:2,D4g1b:2,D4g1c:1)D4g1:5,(((D4g2a1a:5,D4g2a1b:3,D4g2a1c:1)D4g2a1:1,dummy21:1)D4g2a:2,((D4g2b1a:6,dummy22:1)D4g2b1:1,dummy23:1)D4g2b:1)D4g2:2)D4g:1,(((D4h1a1:2,D4h1a2:4)D4h1a:3,D4h1b:2,(D4h1c1:2,dummy24:1)D4h1c:5,D4h1d:6)D4h1:1,D4h2:6,((((D4h3a1a1:2,D4h3a1a2:1)D4h3a1a:2,dummy25:1)D4h3a1:2,D4h3a2:2,(D4h3a3a:1,dummy26:1)D4h3a3:1,D4h3a4:3,D4h3a5:1,D4h3a6:4,(D4h3a7:1,D4h3a8:3,D4h3a9:2)C152T:1)D4h3a:6,D4h3b:9)D4h3:4,(D4h4a:5,dummy27:1)D4h4:1)D4h:3,(D4i1:2,D4i2:1)D4i:1,((((D4j1a1a:1,D4j1a1b:1)D4j1a1:2,D4j1a2:2)D4j1a:4,(D4j1b2:2,dummy28:1)D4j1b:2)D4j1:1,(D4j2a:1,dummy29:1)D4j2:5,(((D4j3a1:3,dummy30:1)D4j3a:1,dummy31:1)D4j3:1,D4j11:2)T16311C:1,(D4j4a:1,dummy32:1)D4j4:1,D4j5:4,(D4j6:1,D4j13:3)T146C:1,(D4j7a:2,dummy33:1)D4j7:3,D4j8:1,D4j9:1,D4j10:1,D4j12:3,D4j14:1,D4j15:1,D4j16:2)D4j:1,(D4k:2,((D4o1a:1,dummy34:1)D4o1:5,((D4o2a1:2,dummy35:1)D4o2a:1,dummy36:1)D4o2:3)D4o:2,(D4p1:1,dummy37:1)D4p:2)T195C:1,((D4l1a:2,dummy38:1)D4l1:1,(D4l2a:1,D4l2b:2)D4l2:3)D4l:2,(D4m1:6,D4m2:4)D4m:2,((D4n1a:1,dummy39:1)D4n1:1,D4n2:2)D4n:2,((D4q1a:2,dummy40:1)D4q1:1,dummy41:1)D4q:3,D4s:3,D4t:2)D4:3,((((((D5a1a1:1,D5a1a2:1)D5a1a:1,dummy42:1)D5a1:5,(((((((D5a2a1a1a:1,dummy43:1)D5a2a1a1:1,D5a2a1a2:1)D5a2a1a:3,dummy44:1)C16172T:1,D5a2a1b:1)D5a2a1:1,D5a2a2:1)T16092C:1,dummy45:1)D5a2a:1,D5a2b:1)D5a2:2,(((D5a3a1a:3,dummy46:1)D5a3a1:1,dummy47:1)D5a3a:1,dummy48:1)D5a3:1)D5a:3,(((D5b1a1:1,dummy49:1)D5b1a:1,(D5b1b1:3,dummy50:1)D5b1b:1,((D5b1c1a:2,dummy51:1)D5b1c1:5,dummy52:1)D5b1c:1,D5b1d:3)D5b1:1,D5b2:12)D5b:5)D5a_b:1,((D5c1a:3,dummy53:1)D5c1:4,(D5c2:7,dummy54:1)T16311C:1)D5c:7)D5:4,(((D6a1a:1,dummy55:1)D6a1:5,D6a2:7)D6a:1,((D6c1a:2,dummy56:1)D6c1:1,dummy57:1)D6c:4)D6:5)T16189C:1)D:2)M80_D:1)M:4,(((((((((((N1a1a1a1a:2,dummy0:1)N1a1a1a1:3,N1a1a1a2:5,N1a1a1a3:1)N1a1a1a:1,N1a1a1b:10)N1a1a1:2,N1a1a2:1)T152C:1,N1a1a3:1)N1a1a:8,(N1a1b1:5,(((((I1a1a1:1,I1a1a2:1)I1a1a:1,I1a1b:1,I1a1c:1,I1a1d:4,I1a1e:1)I1a1:5,dummy1:1)I1a:3,I1b:1,((I1c1a:2,dummy2:1)I1c1:2,dummy3:1)I1c:4,I1d:3,I1e:3)I1:4,((((I2a1a:1,dummy4:1)I2a1:2,I2a2:1)I2a:2,I2b:3,I2c:2,I2d:1,I2e:1)I2:1,((I3a1:1,dummy5:1)I3a:1,I3b:1,I3c:1,(I3d1:4,dummy6:1)I3d:1)I3:1)I2_3:2,((I4a1:1,I4a2:1)I4a:1,I4b:3)I4:1,(((I5a1a:1,I5a1b:3,I5a1c:1)I5a1:2,((I5a2a:5,dummy7:1)T16086C:1,dummy8:1)I5a2:2,I5a3:7,I5a4:5)I5a:2,(I5b1:3,dummy9:1)I5b:2,(I5c1:3,dummy10:1)I5c:1)I5:1,(I6a:6,I6b:2)I6:1,I7:3)I:2)N1a1b:5)N1a1:3,N1a2:9)N1a1_2:1,((N1a3a1:4,N1a3a2:2,N1a3a3:2)N1a3a:1,dummy11:1)N1a3:10)N1a:2,(((N1b1a1:3,(N1b1a2a:1,N1b1a2b:4)N1b1a2:1,N1b1a3:1,(N1b1a4:3,dummy12:1)G16129A:1,N1b1a5:1,N1b1a6:2,(N1b1a7:1,dummy13:1)T195C:1)N1b1a:2,(N1b1b1:1,dummy14:1)N1b1b:7)N1b1:6,N1b2:5)N1b:8)N1:2,(N5a:12,dummy15:1)N5:7)N1_5:1,(N2a:6,((W1a:2,(W1b1:1,dummy16:1)W1b:3,((W1c1:3,dummy17:1)W1c:1,W1i:1)T119C:1,W1d:9,((W1e1a:2,dummy18:1)W1e1:1,dummy19:1)W1e:2,W1f:1,W1g:1,(W1h1:1,dummy20:1)W1h:1)W1:1,(((((W3a1a1:1,W3a1a2:2,W3a1a3:1)W3a1a:1,W3a1b:1,(W3a1c:1,W3a1d:1)T199C:1)W3a1:1,W3a2:3)W3a:1,(W3b1:2,dummy21:1)W3b:2)W3:1,((W4a1:2,dummy22:1)W4a:1,W4b:1,W4c:1,W4d:1)W4:3,(((((W5a1a1a:3,dummy23:1)W5a1a1:1,dummy24:1)W5a1a:1,dummy25:1)W5a1:1,(W5a2b:2,dummy26:1)W5a2:1)W5a:2,W5b:3)W5:2,(W6a:1,(W6b1:2,dummy27:1)W6b:3,((W6c1a:2,dummy28:1)W6c1:1,dummy29:1)W6c:2,W6d:1)W6:4,W7:1,W8:2,W9:1)C194T:1)W:11)N2:5,((N3a1:1,dummy30:1)N3a:3,N3b:3)N3:17,((N7a1:4,N7a2:3)N7a:12,N7b:7)N7:8,N8:12,((((N9a1a:1,dummy31:1)N9a1:3,N9a3:3)N9a1_3:1,(((N9a2a1:3,N9a2a2:1,N9a2a3:2)N9a2a:1,N9a2c:3,N9a2d:2)N9a2:2,(N9a4a:1,N9a4b:1)N9a4:3,N9a5:4)N9a2_4_5:1,(N9a6a:3,N9a6b:3)N9a6:2,N9a7:2,N9a8:2,N9a9:1,(N9a10a:3,(N9a10b:2,dummy32:1)T16311C:1)N9a10:1)N9a:6,((N9b1a:1,N9b1b:3,(N9b1c1:1,dummy33:1)N9b1c:1)N9b1:1,(N9b2a:1,dummy34:1)N9b2:1,N9b3:1,N9b4:2)N9b:6,((Y1a:2,((Y1b1a:1,dummy35:1)Y1b1:1,dummy36:1)Y1b:2)Y1:3,(((Y2a1a:2,dummy37:1)Y2a1:1,dummy38:1)Y2a:1,Y2b:1)Y2:7)Y:7)N9:1,(N10a:13,N10b:19)N10:4,((N11a1:3,dummy39:1)N11a:12,N11b:22)N11:1,N13:13,N14:10,((N21a:3,dummy40:1)T195C:1,dummy41:1)N21:8,(N22a:5,dummy42:1)N22:7,(((((A1a1:1,dummy43:1)A1a:2,dummy44:1)A1:1,((A2a1:1,A2a2:1,A2a3:1,A2a4:2,A2a5:5)A2a:2,(A2b1:1,dummy45:1)A2b:1,(A2c:2,((A2d1a:2,dummy46:1)A2d1:2,A2d2:1)A2d:1,(A2e:4,(A2ao1:2,dummy47:1)A2ao:1)G153A:1,((A2f1a:3,dummy48:1)A2f1:5,A2f2:3,A2f3:6)A2f:1,(A2g1:2,dummy49:1)A2g:2,(A2h1:4,dummy50:1)A2h:1,A2i:10,(A2j1:1,dummy51:1)A2j:2,((A2k1a:1,dummy52:1)A2k1:1,dummy53:1)A2k:1,(A2l:1,A2m:4,A2n:3,A2o:1,A2ai:3,A2aj:5)T16111C:1,((A2p1:3,A2p2:5)A2p:1,A2am:3)G16129A:1,(A2q1:2,dummy54:1)A2q:1,A2t:4,(A2u1:3,A2u2:1)A2u:1,(((A2v1a:1,A2v1b:1)T152C:1,dummy55:1)A2v1:1,dummy56:1)A2v:1,(A2w1:2,dummy57:1)A2w:2,A2x:2,A2y:7,A2aa:2,A2ab:3,(A2ac1:3,dummy58:1)A2ac:3,(A2ad1:5,A2ad2:2)A2ad:3,A2ae:4,(((A2af1a1:1,A2af1a2:3)A2af1a:1,((A2af1b1a:5,A2af1b1b:2)A2af1b1:3,A2af1b2:7)A2af1b:1)A2af1:2,A2af2:7)A2af:4,A2ag:2,A2ah:2,A2ak:4,A2al:3,A2an:1,(A2ap:1,dummy59:1)T16189C:1,A2aq:6)C64T:1,(A2r1:2,dummy60:1)A2r:1,A2s:10,A2z:7)A2:6,(A6a:1,A6b:5)A6:3,(A12a:4,dummy61:1)A12:3,(A13:1,A14:2)A200G:1,(A15a:1,A15b:3,(A15c1:4,dummy62:1)A15c:1)A15:4,A16:6,A17:4,A18:1,A19:3,A20:1,A21:1,A22:4)T16362C:1,(A3a:1,dummy63:1)A3:3,A7:7,A9:5,(A11a:4,(A11b:2,dummy64:1)C16234T:1)A11:2)T152C:1,(((((A5a1a1a:1,A5a1a1b:1)A5a1a1:2,(A5a1a2a:1,dummy65:1)A5a1a2:1)A5a1a:1,A5a1b:1)A5a1:1,A5a2:1,(A5a3a:1,dummy66:1)A5a3:1,A5a4:1,A5a5:1)A5a:4,((A5b1a:1,A5b1b:1)A5b1:3,dummy67:1)A5b:2,(A5c1:1,dummy68:1)A5c:3)A5:2,((A8a1:4,dummy69:1)A8a:2,dummy70:1)A8:1,A10:6)A:8,((O1a:2,dummy71:1)O1:9,dummy72:1)O:3,((S1a:9,dummy73:1)S1:2,S2:3,(S3:25,S4:9,S5:14)T152C:1)S:1,((((X1a:3,X1c:2)X1:5,(X3a:1,dummy74:1)X3:5)X1_3:1,((((((X2a1a1:5,dummy75:1)X2a1a:2,((X2a1b1a:1,dummy76:1)X2a1b1:1,dummy77:1)X2a1b:1,X2a1c:3)X2a1:4,X2a2:4)X2a:4,X2j:7)X2a_j:1,(((X2b1:2,X2b2:3,X2b3:2,(X2b4a:1,dummy78:1)X2b4:1,X2b5:2,X2b6:4,X2b7:1,X2b8:1)T226C:1,dummy79:1)X2b:2,((X2d1a:3,dummy80:1)X2d1:4,X2d2:1)X2d:4)X2b_d:1,((X2c1a:1,X2c1b:2,X2c1c:1)X2c1:1,dummy81:1)X2c:2,(((X2e1a1:2,dummy82:1)X2e1a:1,X2e1b:2)X2e1:1,((X2e2a1:1,dummy83:1)X2e2a:1,X2e2b:1)X2e2:2)X2e:1,(X2g:6,X2l:3)G153A:1,X2h:3,X2i:1,((X2m1:2,X2m2:4)X2m:2,X2n:6)X2m_n:1,X2o:3)G225A:1,X2f:1,X2k:1,(X2p1:6,dummy84:1)X2p:1)X2:2)X1_2_3:1,X4:7)X:6,(((((((R0a1a1a:1,dummy0:1)R0a1a1:1,R0a1a2:6,R0a1a3:4,R0a1a4:3)R0a1a:4,(R0a1b:3,dummy1:1)T152C:1)R0a1:1,((((R0a2a1:1,dummy2:1)R0a2a:1,R0a2b:3,R0a2c:1,R0a2d:2,R0a2e:4,((R0a2f1a:1,R0a2f1b:1)R0a2f1:5,dummy3:1)R0a2f:1,R0a2g:1,R0a2h:2,R0a2i:4,(R0a2j:2,dummy4:1)T195C:1,(R0a2k1:7,dummy5:1)R0a2k:1,R0a2l:3,R0a2m:1)R0a2:1,R0a3:1)R0a2_3:1,R0a4:3)60.1T:1)R0a:3,R0b:13)R0a_b:4,((((HV0a1a:3,dummy6:1)HV0a1:2,((((V1a1a:2,V1a1b:1)V1a1:1,dummy7:1)V1a:1,V1b:1)V1:1,(((V2a1a:1,dummy8:1)V2a1:2,dummy9:1)V2a:1,(V2b1:1,dummy10:1)V2b:1,V2c:1)V2:1,((V3a1:1,dummy11:1)V3a:1,V3b:2,V3c:1)V3:1,V4:1,V5:2,V6:1,((V7a1:1,dummy12:1)V7a:2,V7b:4)V7:2,V8:2,((V9a1:2,V9a2:1)V9a:4,dummy13:1)V9:2,(V10a:2,(V10b1:1,dummy14:1)V10b:1)V10:1,V11:2,V12:1,V13:2,V14:1,(V15a:1,dummy15:1)V15:1,V16:1,V17:2,V18:1,(V19:1,V22:2)C150T:1,(V20:2,dummy16:1)C16298T:1,(V21:2,dummy17:1)C72T:1,V23:1)V:1)HV0a:1,(HV0b:1,HV0c:1,HV0d:1,HV0e:3,HV0f:2)T195C:1)HV0:2,((((HV1a1a:2,HV1a1b:2)HV1a1:3,(HV1a2a:1,dummy18:1)HV1a2:1,HV1a3:2)HV1a:1,((HV1b1a:2,HV1b1b:1)HV1b1:4,(HV1b2:3,HV1b3:2)T152C:1)HV1b:1,HV1c:1)HV1a_b_c:1,HV1d:11)HV1:2,((HV2a:5,dummy19:1)HV2:7,dummy20:1)A73G:1,(((((HV4a1a1:3,HV4a1a2:2,HV4a1a3:1,HV4a1a4:1)HV4a1a:1,dummy21:1)C16291T:1,dummy22:1)HV4a1:1,(HV4a2a:3,HV4a2b:1)HV4a2:2)HV4a:1,HV4b:2,HV4c:3)HV4:1,HV5:2,((HV6a:4,dummy23:1)HV6:2,HV7:3,HV8:1,(((HV9a1:2,dummy24:1)HV9a:1,dummy25:1)T152C:1,HV9b:1,HV9c:3)HV9:1,HV10:1,(HV11a:2,dummy26:1)HV11:1,HV14:3,HV15:2,HV16:1,HV17:2)T16311C:1,((HV12a1:6,dummy27:1)HV12a:2,((HV12b1a:4,dummy28:1)HV12b1:1,dummy29:1)HV12b:2)HV12:1,HV13:1,(((((H1a1a1:1,dummy30:1)H1a1a:1,H1a1b:1)H1a1:2,H1a2:1,((H1a3a1:1,H1a3a2:1,H1a3a3:2)H1a3a:1,H1a3b:1,H1a3c:1)H1a3:1,H1a4:1,H1a5:2,H1a6:3,H1a7:1,H1a8:1,H1a9:2)H1a:2,((((H1b1a:2,H1b1b:2,H1b1c:1,H1b1d:1,H1b1h:1)T16362C:1,H1b1e:1,H1b1f:2,H1b1g:3)H1b1:1,((H1b2a1:1,dummy31:1)H1b2a:3,dummy32:1)H1b2:2,H1b3:1,H1b4:1)H1b:1,(((H1f1a:1,dummy33:1)H1f1:1,dummy34:1)T16093C:1,dummy35:1)H1f:2,(H1g1:1,H1g2:1)H1g:1,((H1k1a:1,dummy36:1)H1k1:2,dummy37:1)H1k:1,H1y:1,(H1z1:2,dummy38:1)H1z:2,H1aa:1,(H1ab1:1,dummy39:1)H1ab:1,H1ac:1,H1ad:1,H1cc:3)T16189C:1,(((H1c1a1:1,dummy40:1)H1c1a:1,H1c1b:1)H1c1:2,(H1c2a:1,dummy41:1)H1c2:1,(H1c3a:3,H1c3b:2)H1c3:2,(H1c4a:2,(H1c4b1:1,dummy42:1)H1c4b:1)H1c4:1,(H1c5a:2,dummy43:1)H1c5:1,H1c6:1,H1c7:1,H1c8:2,((H1c9a:1,dummy44:1)H1c9:1,dummy45:1)T152C:1,H1c10:2,H1c11:1,H1c12:1,H1c13:1,H1c14:3,H1c15:1,H1c16:1,H1c17:1,H1c18:2,H1c19:1,H1c20:1,H1c21:1,H1c22:1)H1c:1,(((H1e1a1:4,H1e1a2:1,H1e1a3:1,H1e1a4:5,H1e1a5:7,H1e1a6:1)H1e1a:1,((H1e1b1a:1,dummy46:1)H1e1b1:1,dummy47:1)H1e1b:1,H1e1c:1)H1e1:1,(H1e2a:1,H1e2b:1,H1e2c:1,H1e2d:1)H1e2:1,(H1e3:4,dummy48:1)G16129A:1,(H1e4a:1,dummy49:1)H1e4:1,H1e5:2,H1e6:1)H1e:1,(H1h1:1,H1h2:3)H1h:1,((H1i1:1,(H1i2a:1,dummy50:1)H1i2:1)H1i:1,((H1an1a:1,dummy51:1)H1an1:1,H1an2:2)H1an:1,H1bb:1)T152C:1,(((H1j1a1:1,H1j1a2:1)H1j1a:1,H1j1b:1,H1j1c:2)H1j1:1,(H1j2a:1,dummy52:1)H1j2:3,H1j3:1,H1j4:1,H1j5:2,H1j6:3,H1j7:3,H1j8:2,H1j9:2)H1j:1,(H1m1:3,dummy53:1)H1m:1,(((H1n1a:1,H1n1b:2)H1n1:1,H1n2:2,H1n3:1,H1n4:1,(H1n5:1,dummy54:1)T195C:1)T146C:1,H1n6:3)H1n:1,H1o:3,H1p:1,(H1q1:1,H1q2:1)H1q:1,(H1r1:2,dummy55:1)H1r:1,H1s:1,(((H1t1a1:1,dummy56:1)H1t1a:1,dummy57:1)H1t1:1,H1t2:1)H1t:1,(H1u1:1,dummy58:1)H1u:1,((H1v1a:1,H1v1b:1)H1v1:1,dummy59:1)H1v:1,H1w:1,H1x:4,(H1ae1:1,(H1ae2a:1,dummy60:1)H1ae2:1,(H1ae3a:1,dummy61:1)H1ae3:2)H1ae:1,((H1af1a:1,dummy62:1)H1af1:1,H1af2:1)H1af:1,((H1ag1a:2,H1ag1b:1)H1ag1:1,dummy63:1)H1ag:1,(H1ah1:4,H1ah2:2)H1ah:2,(H1ai1:1,dummy64:1)H1ai:1,((H1aj1a:4,dummy65:1)H1aj1:2,dummy66:1)H1aj:1,(H1ak1:1,H1ak2:1)H1ak:1,(H1am1:1,dummy67:1)H1am:1,(H1ao1:1,dummy68:1)H1ao:4,(H1ap1:3,dummy69:1)H1ap:1,(H1aq1:2,dummy70:1)H1aq:1,(H1ar1:2,dummy71:1)H1ar:2,((H1as1a:1,dummy72:1)H1as1:2,H1as2:1)H1as:1,((H1at1a:1,dummy73:1)H1at1:1,dummy74:1)H1at:1,((H1au1a:1,H1au1b:1)H1au1:1,dummy75:1)H1au:1,((H1av1a:1,dummy76:1)H1av1:1,dummy77:1)H1av:1,H1aw:3,(H1ax1:1,dummy78:1)H1ax:3,H1ay:1,H1az:1,(H1ba1:1,dummy79:1)H1ba:1,H1bc:2,H1bd:1,H1be:2,((H1bf1:1,dummy80:1)H1bf:1,H1bg:2,H1bh:1)C16239T:1,H1bi:1,H1bj:1,H1bk:1,H1bm:1,H1bn:1,H1bo:5,H1bp:1,H1bq:1,H1br:1,H1bs:1,(H1bt1:2,dummy81:1)H1bt:1,H1bu:2,(H1bv1:2,dummy82:1)H1bv:1,H1bw:1,H1bx:2,H1by:1,H1bz:3,(H1cd:4,dummy83:1)T16311C:1)H1:1,((((H2a1a1:4,H2a1a2:4)H2a1a:2,H2a1b:2,H2a1c:1,H2a1d:3,(((H2a1e1a1:2,dummy84:1)H2a1e1a:1,H2a1e1b:2)H2a1e1:1,dummy85:1)H2a1e:1,H2a1f:1,H2a1g:1)H2a1:2,(((H2a2a1a:1,H2a2a1b:1,H2a2a1c:2,H2a2a1d:1,H2a2a1e:1,H2a2a1f:1,H2a2a1g:1)H2a2a1:1,H2a2a2:2)H2a2a:2,((((H2a2b1a1:1,dummy86:1)H2a2b1a:1,dummy87:1)H2a2b1:1,H2a2b2:1,H2a2b3:1,H2a2b4:1,(H2a2b5a:2,dummy88:1)H2a2b5:1)H2a2b:1,dummy89:1)A16235G:1)H2a2:1,((H2a3a1:1,dummy90:1)H2a3a:1,H2a3b:1)H2a3:2,H2a4:1,(((H2a5a1a:1,H2a5a1b:1)H2a5a1:1,dummy91:1)H2a5a:1,(H2a5b1:1,H2a5b2:2)H2a5b:1)H2a5:1)H2a:1,(H2b:1,(H2c1:4,dummy92:1)H2c:2)T152CT16311C:1)H2:1,((((H3a1a:1,dummy93:1)H3a1:1,dummy94:1)H3a:1,((H3g1a:1,H3g1b:1)H3g1:2,H3g2:1,H3g3:1,H3g4:1)H3g:1,(H3i1:1,dummy95:1)H3i:1,H3j:1,((H3k1a:1,dummy96:1)H3k1:1,dummy97:1)H3k:1)T152C:1,(((H3b1a:1,((H3b1b1a:1,dummy98:1)H3b1b1:2,dummy99:1)H3b1b:1)H3b1:2,H3b2:1,H3b3:1,(H3b4a:1,dummy100:1)H3b4:1,H3b5:1)G16129A:1,dummy101:1)H3b:1,(H3c1:1,((H3c2a1:1,dummy102:1)H3c2a:1,(H3c2b1:1,dummy103:1)H3c2b:1,H3c2c:1)H3c2:2,H3c3:3)H3c:1,(H3d:1,dummy104:1)A73G:1,H3e:2,((H3h1:1,H3h2:1,(H3h3a:1,dummy105:1)H3h3:1,H3h4:4,H3h5:1,H3h6:1)H3h:1,H3m:1,H3n:3)T16311C:1,H3p:1,(H3q1:1,dummy106:1)H3q:1,(H3r1:1,dummy107:1)H3r:1,H3s:3,H3t:1,(H3u1:4,dummy108:1)H3u:1,(H3v1:4,(H3v2:4,dummy109:1)T16093C:1)H3v:1,H3w:3,(H3x1:4,dummy110:1)H3x:1,H3y:3,(H3z1:2,dummy111:1)H3z:1,H3aa:1,H3ab:2,H3ac:1,H3ad:1,H3ae:1,H3af:2,(H3ag1:2,dummy112:1)H3ag:1,H3ah:1,H3ai:1,H3aj:1,H3ak:3,H3am:1,H3an:1,(H3ao1:1,dummy113:1)H3ao:1,H3ap:1,H3aq:1,H3ar:1,H3as:1,(H3at1:2,dummy114:1)H3at:1,H3au:1,(H3av:3,dummy115:1)T16189C:1)H3:1,((((((((H4a1a1a1a1:4,dummy116:1)H4a1a1a1a:1,dummy117:1)H4a1a1a1:1,H4a1a1a2:1,H4a1a1a3:2,H4a1a1a4:2)H4a1a1a:1,dummy118:1)H4a1a1:1,((H4a1a2a1:1,dummy119:1)H4a1a2a:2,dummy120:1)H4a1a2:1,((H4a1a3a:1,dummy121:1)H4a1a3:1,(H4a1a4a:1,(H4a1a4b1:1,H4a1a4b2:1)H4a1a4b:2)H4a1a4:1)T195C:1,H4a1a5:1)H4a1a:1,((H4a1c1a:1,dummy122:1)H4a1c1:1,H4a1c2:2)H4a1c:1,H4a1d:2)H4a1:1,dummy123:1)H4a:2,(H4b1:3,dummy124:1)H4b:1,(H4c1:2,dummy125:1)H4c:1)H4:3,((((H5a1a:1,H5a1b:1,((H5a1c1a:1,dummy126:1)H5a1c1:1,H5a1c2:2)H5a1c:2,H5a1d:1,H5a1e:1,H5a1f:1,((H5a1g1a:2,dummy127:1)H5a1g1:3,H5a1g2:1)H5a1g:1,H5a1h:1,H5a1j:1,H5a1k:1,(H5a1m:1,H5a1n:1)T152C:1,(H5a1p:1,dummy128:1)T16093C:1,H5a1q:1)H5a1:1,H5a2:1,((H5a3a1:2,(H5a3a2:1,dummy129:1)T152C:1)H5a3a:1,H5a3b:1)H5a3:2,(((H5a4a1a:1,dummy130:1)H5a4a1:2,dummy131:1)H5a4a:1,dummy132:1)H5a4:2,H5a5:2,((H5a6a:2,dummy133:1)H5a6:2,dummy134:1)T152C:1,H5a7:2,H5a8:1)H5a:1,(H5b1:3,H5b2:2,H5b3:1,H5b4:4)H5b:1,((H5c1a:1,dummy135:1)H5c1:1,H5c2:2)H5c:1,H5d:1,(((H5e1a1:1,dummy136:1)H5e1a:1,H5e1b:1)H5e1:2,dummy137:1)H5e:1,H5f:1,H5g:1,H5h:2,H5j:6,H5k:2,H5m:2,H5n:1,H5p:1,(H5q:1,dummy138:1)C16192T:1,((H5r1:1,H5r2:1)H5r:3,H5s:2,H5t:3)T16311C:1,H5u:1)H5:1,H36:5)H5_36:1,(((((H6a1a1a:4,dummy139:1)H6a1a1:1,(H6a1a2a:1,(H6a1a2b1:1,dummy140:1)H6a1a2b:2)H6a1a2:1,(H6a1a3a:1,dummy141:1)H6a1a3:1,H6a1a4:1,H6a1a5:1,H6a1a6:1,H6a1a7:2,(H6a1a8a:2,dummy142:1)H6a1a8:1)H6a1a:1,(H6a1b1:5,(H6a1b2a:1,H6a1b2b:1,H6a1b2c:1,H6a1b2d:1)H6a1b2:1,(H6a1b3a:2,H6a1b3b:1)H6a1b3:3,H6a1b4:1)H6a1b:1)H6a1:1,(H6a2a:1,dummy143:1)H6a2:1)H6a:2,(H6b1:2,dummy144:1)H6b:2,(H6c1:2,dummy145:1)H6c:2)H6:3,(((H7a1a:2,H7a1b:1,H7a1c:1)H7a1:1,H7a2:2)H7a:1,(H7b1:1,(H7b2a:1,dummy146:1)H7b2:1,H7b3:1,H7b4:1,H7b5:1,H7b6:1)H7b:1,(H7c1:1,H7c2:1,H7c3:2,H7c4:1,H7c5:2)H7c:1,(H7d1:2,(H7d2a:1,dummy147:1)H7d2:2,(H7d3a:1,dummy148:1)H7d3:1,H7d4:4,H7d5:4)H7d:1,H7e:2,H7f:1,H7g:1,H7h:1,H7i:4)H7:1,(((H8a:1,(H8b:1,((H8c1:2,H8c2:3)H8c:1,dummy149:1)T152C:1)C114T:1)H8:4,(H31a:1,H31b:1)H31:2)T146C:1,((H11a1:2,((H11a2a1:1,H11a2a2:3,H11a2a3:1)H11a2a:1,dummy150:1)H11a2:2,H11a3:1,H11a4:2,H11a5:1,H11a6:3,(H11a7:1,dummy151:1)T152C:1)H11a:2,(H11b1:1,dummy152:1)H11b:1)H11:3,H12:2,H91:1)T195C:1,((H9a:3,dummy153:1)H9:1,H32:2,(H46a:2,H46b:1)H46:1,H52:1,H69:1)T152C:1,((((H10a1a1:1,dummy154:1)H10a1a:1,H10a1b:4)H10a1:1,dummy155:1)H10a:1,(H10b1:1,dummy156:1)H10b:1,(H10c1:2,dummy157:1)H10c:2,H10d:1,(((H10e1a:1,dummy158:1)H10e1:1,H10e2:1,(H10e3a:1,dummy159:1)H10e3:1)H10e:1,H10f:1,H10g:1)T16093C:1,H10h:3)H10:1,(((((H13a1a1a:1,H13a1a1b:1,H13a1a1c:1,(H13a1a1d1:1,dummy160:1)H13a1a1d:4,H13a1a1e:1)H13a1a1:2,((H13a1a2a:3,dummy161:1)T16311C:1,H13a1a2b:4)H13a1a2:1,H13a1a3:1,H13a1a4:1,H13a1a5:1,H13a1a6:2)H13a1a:1,H13a1b:3,H13a1c:2,(H13a1d:1,dummy162:1)T152C:1)H13a1:1,(H13a2a:1,(H13a2b1:3,H13a2b2:3,H13a2b3:2)H13a2b:1,(H13a2c1:2,dummy163:1)H13a2c:4)H13a2:1)H13a:1,(((H13b1a:1,H13b1b:3)A200G:1,dummy164:1)H13b1:2,(H13b2:3,dummy165:1)T16362C:1)H13b:1,(H13c1:1,dummy166:1)H13c:1)H13:1,(((H14a1:1,dummy167:1)T146C:1,H14a2:1)H14a:2,((H14b1:3,H14b2:4)T152C:1,dummy168:1)H14b:1)H14:2,(((H15a1a:1,H15a1b:4)H15a1:1,dummy169:1)H15a:1,(H15b1:1,dummy170:1)H15b:1)H15:3,(((H16a1:1,dummy171:1)H16a:1,H16c:1,H16d:2)T152C:1,H16b:1)H16:1,(((H17a1:2,H17a2:1)H17a:1,H17b:1,H17c:3)H17:1,((H27a:1,H27b:1)T16093C:1,H27c:1,H27d:1)H27:2)G16129A:1,(H18b:1,dummy172:1)H18:2,(H20a:1,H20b:5,H20c:1)H20:1,H21:4,H22:2,H23:1,((H24a1:2,H24a2:1)H24a:1,H24b:1)H24:1,H25:1,((((H26a1a1:2,dummy173:1)H26a1a:1,dummy174:1)H26a1:1,dummy175:1)H26a:1,H26b:3,H26c:2)H26:1,((H28a1:2,dummy176:1)H28a:2,dummy177:1)H28:1,H29:3,(H30a:2,(H30b1:3,dummy178:1)H30b:1)H30:1,(H33a:1,H33b:2,H33c:2)H33:1,(H34:1,H64:1,H85:2)C16291T:1,(H35a:1,dummy179:1)H35:1,((H39a1:1,dummy180:1)H39a:2,H39b:1)H39:1,(H40a:1,H40b:2)H40:1,(H41a:4,dummy181:1)H41:1,((H42a1:1,dummy182:1)H42a:2,dummy183:1)H42:1,H43:1,((H44a1:2,dummy184:1)H44a:2,H44b:2)H44:1,(H45a:2,H45b:2)H45:1,(H47a:3,dummy185:1)H47:2,H48:1,((H49a1:1,H49a2:2)H49a:1,H49b:1)H49:1,H50:1,(H51a:2,dummy186:1)H51:1,H53:1,H54:1,(H55a:2,dummy187:1)H55:1,((H56a1:1,dummy188:1)H56a:1,H56b:1)H56:1,H57:2,(H58a:1,dummy189:1)H58:1,(H59a:1,dummy190:1)H59:1,(H60a:1,dummy191:1)H60:1,H61:2,H62:1,(H63a:2,dummy192:1)H63:2,(H65a:2,dummy193:1)H65:1,((H66a1:1,dummy194:1)H66a:1,dummy195:1)H66:1,(H67a:2,dummy196:1)H67:1,H70:1,H71:1,H72:3,((H73a1:1,dummy197:1)H73a:3,dummy198:1)H73:1,H74:3,H75:2,H76:2,H77:2,H78:1,(H79a:1,dummy199:1)H79:1,H80:2,(H81a:5,dummy200:1)H81:1,H82:1,H83:1,H84:1,H86:1,H87:1,H88:1,H89:3,H90:4,H92:1,H93:1,H94:2,(H95a:3,dummy201:1)H95:1,H96:6,H99:1,H100:1)H:2)HV:1)R0:2,(((((R1a1a1a:1,dummy0:1)R1a1a1:2,R1a1a2:3)R1a1a:1,R1a1b:2,R1a1c:1)R1a1:2,dummy1:1)R1a:15,(R1b1:3,dummy2:1)R1b:9)R1:2,(((R2a:2,dummy3:1)T195C:1,(R2b:5,R2c:6)T146C:1)R2:10,(((((((J1b1a1a:3,J1b1a1b:1,J1b1a1c:1,J1b1a1d:3)J1b1a1:1,(J1b1a2a:2,J1b1a2b:1)J1b1a2:5,J1b1a3:1)J1b1a:4,((J1b1b1a:2,J1b1b1b:1)J1b1b1:1,J1b1b2:3)J1b1b:1)J1b1:2,(J1b2a:3,dummy4:1)J1b2:1,(J1b3a:1,J1b3b:1)J1b3:2,((J1b4a1:1,J1b4a2:1)J1b4a:3,dummy5:1)J1b4:1,(J1b5a:7,J1b5b:2)J1b5:1,(J1b6a:1,dummy6:1)J1b6:1,J1b7:3,J1b8:3)J1b:4,((J1c1a:3,((J1c1b1a:1,dummy7:1)J1c1b1:1,(J1c1b2a:2,dummy8:1)J1c1b2:2)J1c1b:1,J1c1c:2,J1c1d:1,J1c1e:2,J1c1f:2,J1c1g:1,J1c1h:2)J1c1:2,((J1c2a1:2,J1c2a2:2,J1c2a3:2)J1c2a:1,(J1c2b1:3,J1c2b2:1,J1c2b3:3,J1c2b4:1,J1c2b5:1)J1c2b:1,((J1c2c1a:3,dummy9:1)J1c2c1:1,(J1c2c2a:1,dummy10:1)J1c2c2:1,J1c2c3:1)J1c2c:4,J1c2d:2,(J1c2e1:1,J1c2e2:4)J1c2e:1,J1c2f:1,J1c2g:3,J1c2h:1,J1c2i:5,J1c2j:3,J1c2k:1,J1c2l:3,(J1c2m1:2,dummy11:1)J1c2m:1,(J1c2n1:2,dummy12:1)J1c2n:1,J1c2o:1,J1c2p:1,J1c2q:1,J1c2r:4,J1c2s:3,J1c2t:1)J1c2:1,((J1c3a1:1,J1c3a2:1)J1c3a:1,((J1c3b1a:1,dummy13:1)J1c3b1:1,J1c3b2:1)J1c3b:1,(J1c3c1:1,J1c3c2:1)J1c3c:2,J1c3d:1,(J1c3e1:2,J1c3e2:1)J1c3e:1,J1c3f:2,J1c3g:1,J1c3h:1,J1c3i:2,J1c3j:2,J1c3k:1)J1c3:1,(J1c4b:1,J1c4c:1)J1c4:2,((J1c5a1:1,dummy14:1)J1c5a:2,J1c5b:2,(J1c5c1:3,dummy15:1)J1c5c:2,J1c5d:2,J1c5e:2,J1c5f:3)J1c5:1,(J1c6a:5,dummy16:1)J1c6:1,((J1c7a:2,dummy17:1)J1c7:3,(J1c12:1,J1c13:4)A189G:1,J1c14:6)C16261T:1,(((J1c8a1a:1,dummy18:1)J1c8a1:2,J1c8a2:1)J1c8a:2,J1c8b:1)J1c8:1,J1c9:1,(J1c10a:1,dummy19:1)J1c10:1,(J1c11a:1,dummy20:1)J1c11:1,((J1c15a1:2,dummy21:1)J1c15a:1,J1c15b:7)J1c15:1,J1c16:5,J1c17:1)J1c:3,(((((J1d1a1a:2,dummy22:1)J1d1a1:1,dummy23:1)J1d1a:2,(J1d1b1:1,dummy24:1)J1d1b:1)J1d1:1,(J1d2a:1,dummy25:1)J1d2:2,(J1d3a:5,J1d3b:1)J1d3:2,J1d4:3,J1d5:2,(J1d6a:1,dummy26:1)J1d6:1)J1d:3,dummy27:1)C16193T:1)J1:2,((((((J2a1a1a1:4,J2a1a1a2:1,J2a1a1a3:1)J2a1a1a:2,J2a1a1b:2,J2a1a1c:1,J2a1a1d:1,J2a1a1e:1)J2a1a1:2,(J2a1a2a:1,dummy28:1)J2a1a2:2)J2a1a:6,dummy29:1)J2a1:1,((J2a2a1:2,J2a2a2:3)J2a2a:2,(J2a2b1:1,J2a2b2:3)J2a2b:1,(J2a2c1:2,dummy30:1)J2a2c:1,J2a2d:6)J2a2:5)J2a:3,((((J2b1a1a:2,dummy31:1)J2b1a1:1,(J2b1a2a:1,dummy32:1)J2b1a2:1,J2b1a3:1,J2b1a4:2,J2b1a5:2,J2b1a6:4)J2b1a:1,J2b1b:3,(J2b1c1:1,dummy33:1)J2b1c:1,J2b1d:1,(J2b1e1:3,dummy34:1)J2b1e:1,J2b1f:1,J2b1g:1,J2b1h:6)J2b1:1,J2b2:3)J2b:3)J2:4)J:6,(((((((T1a1a1:1,dummy35:1)T1a1a:1,(T1a1b1:2,dummy36:1)T1a1b:2,T1a1c:2,T1a1d:3,T1a1e:5,T1a1f:1,T1a1g:1,T1a1h:1,T1a1i:2,T1a1j:1,T1a1k:1,(T1a1l:1,dummy37:1)C152T:1)T1a1:1,(T1a3a:1,dummy38:1)T1a3:1)T1a1_3:1,(T1a2a:5,T1a2b:4)T1a2:1,T1a4:2,T1a11:7,T1a12:2,T1a13:2)T152C:1,T1a5:1,T1a6:2,T1a7:3,(T1a8a:3,T1a8b:2)T1a8:1,T1a9:2,T1a10:1)T1a:1,(T1b1:1,T1b2:2,T1b3:1,T1b4:1)T1b:1)T1:3,((((T2a1a1:2,T2a1a2:1,(T2a1a3a:1,dummy39:1)T2a1a3:1,T2a1a5:1,T2a1a6:1,T2a1a7:1,T2a1a8:1)T2a1a:2,((((T2a1b1a1a:1,T2a1b1a1b:1)T2a1b1a1:1,dummy40:1)T2a1b1a:1,dummy41:1)T2a1b1:2,(T2a1b2a:1,T2a1b2b:1)T2a1b2:1)T2a1b:1)T2a1:1,T2a2:3)T2a:1,(T2b1:1,((T2b2b1:2,dummy42:1)T2b2b:1,dummy43:1)T2b2:1,(((T2b3a1:3,dummy44:1)T2b3a:3,T2b3c:1,T2b3d:2,T2b3e:1)C151T:1,T2b3b:1)T2b3:1,((T2b4a1:1,dummy45:1)T2b4a:1,(T2b4b:1,T2b4c:1,T2b4d:1,T2b4e:1,T2b4f:1,T2b4g:1,T2b4h:1)T152C:1)T2b4:1,((T2b5a1:2,dummy46:1)T2b5a:1,dummy47:1)T2b5:1,(T2b6a:1,(T2b6b:4,dummy48:1)T146C:1)T2b6:4,((T2b7a1:3,T2b7a2:2,T2b7a3:2)T2b7a:1,dummy49:1)T2b7:1,T2b8:1,(T2b9:2,dummy50:1)C150T:1,T2b11:2,(T2b13a:1,T2b13b:1)T2b13:1,T2b15:2,(T2b16:1,dummy51:1)T16362C:1,(T2b17a:2,dummy52:1)T2b17:1,(T2b19b:2,dummy53:1)T2b19:1,(T2b21a:3,T2b21b:1)T2b21:2,(T2b22:3,dummy54:1)T152C:1,(T2b23a:1,dummy55:1)T2b23:3,(T2b24a:2,dummy56:1)T2b24:1,T2b25:2,T2b26:1,T2b27:1,T2b28:2,T2b29:2,T2b30:1,T2b31:1,T2b32:3,T2b33:3)T2b:3,(((T2c1a1:5,T2c1a2:1)T2c1a:3,(T2c1c1:5,T2c1c2:3)T2c1c:2,(((T2c1d1a:1,dummy57:1)T2c1d1:1,((T2c1d2a:1,dummy58:1)T2c1d2:1,dummy59:1)T152C:1)T2c1d:3,T2c1e:1,T2c1f:1)T146C:1)T2c1:2,dummy60:1)T2c:1,((T2d1a:1,T2d1b:4)T2d1:3,T2d2:5)T2d:1,(((((T2e1a1a1:1,dummy61:1)T2e1a1a:2,dummy62:1)T2e1a1:1,dummy63:1)T2e1a:1,(T2e1b1:1,dummy64:1)T2e1b:1)T2e1:1,(T2e2a:1,dummy65:1)T2e2:1,T2e5:2,T2e6:1)T2e:2,((((T2f1a1:1,dummy66:1)T2f1a:4,dummy67:1)T2f1:2,T2f2:3,T2f3:2,T2f4:1,T2f5:3,T2f6:1,T2f7:2)T2f:2,dummy68:1)T16189C:1,(T2g1:2,(T2g2a:2,dummy69:1)T2g2:4)T2g:1,T2h:1,(T2i1:1,dummy70:1)T2i:3,(T2j1:4,dummy71:1)T2j:1,T2k:4,T2l:1)T2:3,T3:10)T:10)JT:3)R2_JT:1,(((R5a1a:3,dummy72:1)R5a1:3,(R5a2a:2,(R5a2b1:1,R5a2b2:1,R5a2b3:1,R5a2b4:1)R5a2b:4)R5a2:6)R5a:1,dummy73:1)R5:5,(((R6a1:5,R6a2:2)R6a:3,dummy74:1)G16129A:1,R6b:8)R6:4,((((R7a1a:3,(R7a1b1:2,R7a1b2:1)R7a1b:1)R7a1:2,dummy75:1)R7a:4,(((R7b1a1:2,dummy76:1)R7b1a:3,dummy77:1)R7b1:3,R7b2:7)R7b:5)R7a_b:9,dummy78:1)R7:3,((((((R8a1a1a1:1,R8a1a1a2:3)R8a1a1a:1,R8a1a1b:1,R8a1a1c:1,R8a1a1d:3)R8a1a1:1,(R8a1a2a:4,dummy79:1)R8a1a2:2,R8a1a3:1)R8a1a:1,(R8a1b:2,dummy80:1)T16093C:1)R8a1:3,R8a2:2)R8a:2,((R8b1a:1,dummy81:1)R8b1:1,R8b2:6)R8b:5)R8:6,(((((R9b1a1a:1,dummy82:1)R9b1a1:3,(R9b1a2a:3,dummy83:1)R9b1a2:1,R9b1a3:3)R9b1a:2,R9b1b:3)R9b1:3,R9b2:10)R9b:1,(((R9c1a1:1,dummy84:1)R9c1a:8,(R9c1b1:3,R9c1b2:2)R9c1b:1)R9c1:1,dummy85:1)R9c:3,(((((((F1a1a1:1,dummy86:1)F1a1a:2,F1a1b:2,(F1a1c1:4,F1a1c2:2,F1a1c3:2)F1a1c:2,F1a1d:2)F1a1:1,((F1a4a1:3,dummy87:1)F1a4a:3,F1a4b:2)F1a4:1)F1a1_4:1,(F1a2a:1,dummy88:1)F1a2:2,((F1a3a1:4,F1a3a2:3,F1a3a3:1)F1a3a:4,dummy89:1)F1a3:1)F1a:2,((((F1c1a1a:1,F1c1a1b:1)F1c1a1:1,dummy90:1)F1c1a:1,dummy91:1)F1c1:2,dummy92:1)F1c:2,F1f:3)F1a_c_f:3,(((((((F1b1a1a1a:1,dummy93:1)F1b1a1a1:1,F1b1a1a2:1,F1b1a1a3:1)F1b1a1a:1,dummy94:1)F1b1a1:1,F1b1a2:1)F1b1a:2,F1b1b:3,F1b1c:4)F1b1:2,dummy95:1)F1b:7,(F1d1:1,dummy96:1)F1d:5,((F1e1a:7,dummy97:1)F1e1:1,F1e2:7,F1e3:2)F1e:2,(F1g1:1,dummy98:1)F1g:2)T16189C:1)F1:4,((F2a:1,(F2b1:1,dummy99:1)F2b:1,F2g:1)C16291T:1,(F2c1:2,F2c2:9)F2c:1,F2d:3,(F2e1:7,dummy100:1)F2e:3,F2f:1)F2:7,(((F3a1:4,dummy101:1)G207A:1,dummy102:1)F3a:2,(((F3b1a:3,F3b1b:3)F3b1:6,dummy103:1)T152C:1,dummy104:1)F3b:2)F3:9,(((F4a1a:6,F4a1b:5)F4a1:3,F4a2:5)F4a:6,F4b:7)F4:3)F:3)R9:3,(((R11a:2,((R11b1a:2,R11b1b:1)R11b1:1,dummy105:1)R11b:1)R11:10,(((B6a1a:3,dummy106:1)B6a1:4,dummy107:1)B6a:4,dummy108:1)B6:4)R11_B6:1,((((((((((B4a1a1a1a1:1,dummy109:1)B4a1a1a1a:1,B4a1a1a1b:1)B4a1a1a1:1,(B4a1a1a2a:1,dummy110:1)B4a1a1a2:1,B4a1a1a3:1,B4a1a1a4:1,B4a1a1a5:2,B4a1a1a6:1,B4a1a1a7:2,B4a1a1a8:1,B4a1a1a9:2,B4a1a1a10:1,(B4a1a1a11a:1,dummy111:1)B4a1a1a11:1,B4a1a1a12:1,B4a1a1a13:1)B4a1a1a:1,B4a1a1b:2,B4a1a1c:2,B4a1a1d:1,B4a1a1e:1,B4a1a1f:1,B4a1a1g:1,B4a1a1h:2,B4a1a1i:2,B4a1a1j:1,B4a1a1k:1,B4a1a1m:3,B4a1a1n:1,(B4a1a1o:1,dummy112:1)T152C:1,B4a1a1p:1,B4a1a1q:1,(B4a1a1r:1,dummy113:1)T16126C:1,B4a1a1x:1,B4a1a1y:1)B4a1a1:2,B4a1a2:3,((B4a1a3a1:1,dummy114:1)B4a1a3a:1,dummy115:1)B4a1a3:1,B4a1a4:2,(B4a1a5a:2,dummy116:1)B4a1a5:1,(B4a1a6a:1,dummy117:1)B4a1a6:1)B4a1a:4,(((B4a1b1a:1,dummy118:1)B4a1b1:1,dummy119:1)B4a1b:4,B4a1e:2)T16311C:1,(((B4a1c1a1:2,dummy120:1)B4a1c1a:1,dummy121:1)B4a1c1:1,(B4a1c2:6,B4a1c4:1)T146C:1,(B4a1c3a:8,B4a1c3b:2)B4a1c3:2)B4a1c:1,B4a1d:1)B4a1:1,(B4a2a:2,((B4a2b1a:2,dummy122:1)B4a2b1:1,dummy123:1)B4a2b:1)B4a2:2,B4a3:7,B4a4:3)B4a:2,((B4g1a:2,B4g1b:3)B4g1:1,dummy124:1)B4g:3,(B4h1:2,dummy125:1)B4h:3,(B4i1:2,dummy126:1)B4i:1,B4k:3)C16261T:1,((((((B2a1a1:1,dummy127:1)B2a1a:1,B2a1b:2)B2a1:1,B2a2:1,B2a3:2,((B2a4a1:3,dummy128:1)B2a4a:1,dummy129:1)B2a4:1,B2a5:5)B2a:2,((B2b1:7,dummy130:1)T152C:1,(B2b2a:7,dummy131:1)B2b2:1,(B2b3a:7,dummy132:1)B2b3:1,B2b4:9)B2b:1,((B2c1a:1,B2c1b:3,B2c1c:1)B2c1:1,(B2c2a:2,B2c2b:4)B2c2:3)B2c:1,B2d:5,B2e:2,B2f:4,(B2g1:2,B2g2:3)B2g:3,B2h:2,(B2i1:4,(((B2i2a1a:2,B2i2a1b:1)B2i2a1:2,dummy133:1)B2i2a:1,(B2i2b1:2,dummy134:1)B2i2b:1)B2i2:3)B2i:1,B2j:6,B2k:2,B2l:1,B2m:3,B2n:2,((B2o1a:2,dummy135:1)B2o1:2,dummy136:1)B2o:1,B2p:3,B2q:1,B2r:1,B2s:6,B2t:6,B2u:6,B2v:3,(B2w:4,dummy137:1)C16278T:1,B2x:5,(B2y1:1,dummy138:1)B2y:1)B2:5,((((B4b1a1a:1,B4b1a1b:1,B4b1a1c:1)B4b1a1:7,(B4b1a2a:3,B4b1a2b:2,B4b1a2c:2,B4b1a2d:5,B4b1a2e:2)B4b1a2:1,(B4b1a3a:3,dummy139:1)B4b1a3:4)G207A:1,dummy140:1)B4b1a:2,(B4b1b:8,(B4b1c1:4,dummy141:1)B4b1c:1)B4b1b_c:1)B4b1:1)B4b:3,(((B4d1a:1,dummy142:1)B4d1:1,B4d2:5,((B4d3a1:1,dummy143:1)B4d3a:1,dummy144:1)B4d3:8)B4d1_2_3:1,B4d4:9)B4d:2,B4e:9,B4j:11)B4b_d_e_j:2,(((((((B4c1a1a1a:2,dummy145:1)B4c1a1a1:1,B4c1a1a2:1)B4c1a1a:1,B4c1a1b:1,B4c1a1c:3)B4c1a1:2,(B4c1a2a:2,dummy146:1)B4c1a2:1)B4c1a:1,((B4c1b1a:3,dummy147:1)B4c1b1:11,(((B4c1b2a1:2,(B4c1b2a2a:1,B4c1b2a2b:1)B4c1b2a2:2)B4c1b2a:2,B4c1b2c:3)B4c1b2:1,dummy148:1)A16335G:1)B4c1b:3)B4c1a_b:1,((B4c1c1:1,dummy149:1)T16311C:1,dummy150:1)B4c1c:6)B4c1:1,(B4c2a:1,B4c2b:1)B4c2:6)B4c:2,(B4f1:3,dummy151:1)B4f:14)B4:1,((((B5a1a1:1,dummy152:1)B5a1a:2,(B5a1b1:1,dummy153:1)B5a1b:2,(B5a1c1:3,dummy154:1)B5a1c:1,B5a1d:4)B5a1:1,((B5a2a1:2,B5a2a2:1)B5a2a:3,dummy155:1)B5a2:3)B5a:4,((((B5b1a1:4,(B5b1a2a:1,dummy156:1)B5b1a2:6)B5b1a:2,((B5b1c1a:1,dummy157:1)B5b1c1:2,dummy158:1)B5b1c:7)B5b1:2,(B5b3a:3,B5b3b:1)B5b3:6,B5b4:4)T204C:1,(((B5b2a1a:3,(B5b2a1b1:1,dummy159:1)B5b2a1b:2)B5b2a1:2,dummy160:1)B5b2a:1,B5b2c:5)B5b2:5)B5b:10)B5:5)B:1,(R24a:4,dummy161:1)R24:9)T16189C:1,(R12:17,R21:20)R12_21:3,R14:22,R22:10,R23:18,(((R30a1a:1,(R30a1b1:2,dummy162:1)R30a1b:2)R30a1:6,dummy163:1)R30a:5,(R30b1:21,(R30b2a:1,dummy164:1)R30b2:6)R30b:1)R30:1,((R31a1:6,dummy165:1)R31a:15,R31b:22)R31:2,R32:1,((((P1d1:1,dummy166:1)P1d:1,P1e:1)P1:5,(P2:6,P10:26)P2_10:1,P8:17)C16176T:1,(P3a:6,(P3b1:7,dummy167:1)P3b:3)P3:7,((P4a1:3,dummy168:1)P4a:16,(P4b1:8,dummy169:1)P4b:5)P4:3,P5:12,P6:3,P7:16,(P9a:1,dummy170:1)P9:2)P:1,(((((U1a1a1:2,U1a1a2:2)U1a1a:4,U1a1b:4,(U1a1c1:2,U1a1c2:4,U1a1c3:6,U1a1c4:1)U1a1c:2,U1a1d:2)U1a1:3,U1a2:3,U1a3:4)U1a:3,(U1b1:1,dummy0:1)U1b:8)U1:7,((((((((U5a1a1a:1,U5a1a1b:1,U5a1a1h:1)T152C:1,U5a1a1c:2,(U5a1a1d:2,dummy1:1)T16362C:1,U5a1a1e:1,U5a1a1g:1)U5a1a1:2,(((U5a1a2a1a:1,dummy2:1)U5a1a2a1:1,dummy3:1)U5a1a2a:3,(U5a1a2b1:3,dummy4:1)U5a1a2b:1)U5a1a2:2)U5a1a:1,(U5a1g1:2,dummy5:1)U5a1g:1)T16192C:1,(((U5a1b1a1:1,U5a1b1a2:1)U5a1b1a:1,(U5a1b1b1:1,dummy6:1)U5a1b1b:1,(U5a1b1c1:1,U5a1b1c2:2)U5a1b1c:1,U5a1b1d:1,U5a1b1e:1,U5a1b1f:2)U5a1b1:1,U5a1b2:1,(U5a1b3:1,dummy7:1)T16362C:1,U5a1b4:1)U5a1b:1,((U5a1c1a:1,dummy8:1)U5a1c1:2,(U5a1c2a:2,dummy9:1)U5a1c2:1)U5a1c:1,(U5a1d1:2,((U5a1d2a1:2,dummy10:1)U5a1d2a:5,U5a1d2b:5)U5a1d2:2)U5a1d:1,U5a1e:2,(((U5a1f1a1:1,dummy11:1)U5a1f1a:2,dummy12:1)U5a1f1:3,U5a1f2:5)U5a1f:1,U5a1h:9,U5a1i:5,U5a1j:3)U5a1:2,(((U5a2a1a:2,(U5a2a1b1:1,dummy13:1)U5a2a1b:1,U5a2a1c:1,U5a2a1d:3,(U5a2a1e:1,dummy14:1)T152C:1)U5a2a1:2,dummy15:1)U5a2a:2,((U5a2b1a:1,U5a2b1b:1,U5a2b1c:1,U5a2b1d:2)U5a2b1:1,((U5a2b2a1:2,dummy16:1)U5a2b2a:1,dummy17:1)U5a2b2:5,((U5a2b3a1:2,dummy18:1)U5a2b3a:1,dummy19:1)U5a2b3:3,U5a2b4:1,U5a2b5:3)U5a2b:1,(U5a2c1:1,U5a2c2:1,(U5a2c3a:2,dummy20:1)U5a2c3:2,U5a2c4:1)U5a2c:1,((U5a2d1a:2,dummy21:1)U5a2d1:5,dummy22:1)U5a2d:1,(U5a2e:5,dummy23:1)T16362C:1)U5a2:1)U5a:2,((U5b1a:2,(((((((U5b1b1a1a1:1,dummy24:1)U5b1b1a1a:1,dummy25:1)U5b1b1a1:1,U5b1b1a2:1)U5b1b1a:1,U5b1b1d:1,U5b1b1f:1)T16192C:1,U5b1b1b:2,(U5b1b1e:1,dummy26:1)T152C:1)U5b1b1:2,(U5b1b2a:1,dummy27:1)U5b1b2:2)U5b1b:1,(((U5b1c1a1:2,dummy28:1)U5b1c1a:1,dummy29:1)U5b1c1:1,(U5b1c2a:3,U5b1c2b:2)U5b1c2:2)U5b1c:2,(((U5b1e1a:1,dummy30:1)U5b1e1:3,dummy31:1)U5b1e:2,U5b1h:1)T16192C:1)T16189C:1,((U5b1d1a:3,U5b1d1b:6,U5b1d1c:4)U5b1d1:1,U5b1d2:2)U5b1d:1,((U5b1f1a:1,dummy32:1)U5b1f1:1,dummy33:1)U5b1f:1,U5b1g:6,U5b1i:7)U5b1:1,((((((U5b2a1a1a:1,U5b2a1a1b:1,U5b2a1a1d:1)U5b2a1a1:1,dummy34:1)T16311C:1,U5b2a1a2:5)U5b2a1a:2,U5b2a1b:5)U5b2a1:1,((U5b2a2a1:1,U5b2a2a2:2)U5b2a2a:1,(U5b2a2b1:1,dummy35:1)U5b2a2b:2,U5b2a2c:4)U5b2a2:2,U5b2a3:1,((U5b2a4a:1,dummy36:1)U5b2a4:3,U5b2a5:4,U5b2a6:1)T16192C:1)U5b2a:2,(((U5b2b1a1:1,U5b2b1a2:2)U5b2b1a:2,U5b2b1b:2)U5b2b1:1,U5b2b2:2,(((U5b2b3a1a:1,dummy37:1)U5b2b3a1:1,dummy38:1)U5b2b3a:3,U5b2b3b:1)U5b2b3:4,U5b2b4:2)U5b2b:4,(U5b2c1:2,(U5b2c2a:1,U5b2c2b:1)U5b2c2:3)U5b2c:3)U5b2:2,(((U5b3a1a:3,U5b3a1b:1)U5b3a1:1,U5b3a2:1)U5b3a:1,(U5b3b1:1,dummy39:1)U5b3b:1,U5b3c:3,U5b3d:3,U5b3e:2,U5b3f:1,U5b3g:1)U5b3:3)U5b:3)U5a_b:3,dummy40:1)U5:2,(((((U6a1a1:3,U6a1a2:2)U6a1a:2,((U6a1b1a:2,U6a1b1b:4)U6a1b1:4,U6a1b2:3,U6a1b3:1)U6a1b:1)U6a1:1,((((U6a2a1:2,(U6a2a2a:2,dummy41:1)U6a2a2:2)U6a2a:3,(U6a2b1:2,dummy42:1)U6a2b:2,(U6a2c:1,dummy43:1)T195C:1)U6a2:1,(U6a8a:4,U6a8b:6)U6a8:1)G103A:1,(((U6a3a1a:1,dummy44:1)U6a3a1:1,(U6a3a2a:2,dummy45:1)U6a3a2:2)U6a3a:1,((U6a3b1:1,dummy46:1)U6a3b:7,U6a3e:8,(U6a3f1:1,U6a3f2:1)U6a3f:1)G185A:1,U6a3c:8,((U6a3d1a:5,dummy47:1)U6a3d1:1,dummy48:1)U6a3d:1)U6a3:1)T16189C:1,U6a4:6,((U6a5a1:1,dummy49:1)U6a5a:1,U6a5b:3)U6a5:4,((U6a6a1:1,dummy50:1)U6a6a:5,(U6a6b1:1,U6a6b2:3)U6a6b:3)U6a6:1,(((U6a7a1a:2,U6a7a1b:1,(U6a7a1c:1,dummy51:1)C152T:1)U6a7a1:1,(U6a7a2a:1,dummy52:1)U6a7a2:2)U6a7a:8,(U6a7b1:5,dummy53:1)U6a7b:3,(U6a7c1:1,dummy54:1)U6a7c:2)U6a7:1)U6a:3,((((U6b1a1:1,dummy55:1)U6b1a:2,U6b1b:5)U6b1:2,U6b2:4,(U6b3a:1,dummy56:1)U6b3:1)U6b:1,((U6d1a:1,U6d1b:1)U6d1:3,U6d2:3,(U6d3a:3,dummy57:1)U6d3:1)U6d:3)T16311C:1)U6a_b_d:1,(U6c1:2,U6c2:1)U6c:11)U6:2,((((U2a1a:2,U2a1b:1)U2a1:3,U2a2:14)U2a:1,((U2b1a:1,dummy58:1)U2b1:3,U2b2:12)U2b:6,((((U2c1a:3,U2c1b:1)U2c1:3,dummy59:1)U2c:3,(U2d1:3,U2d2:5,U2d3:5)U2d:10)U2c_d:1,(((((U2e1a1a:1,U2e1a1b:1)U2e1a1:1,dummy60:1)U2e1a:2,(U2e1b1:3,U2e1b2:2)U2e1b:2,(U2e1c1:1,dummy61:1)U2e1c:2,U2e1d:1,U2e1e:3,(U2e1f1:5,dummy62:1)U2e1f:2,U2e1g:1,U2e1h:2)U2e1:1,((U2e2a1:1,U2e2a2:2,U2e2a3:1,U2e2a4:1)U2e2a:2,dummy63:1)U2e2:3,(U2e3a:5,dummy64:1)U2e3:3)U2e1_2_3:1,dummy65:1)U2e:13)T152C:1)U2:1,(((((U3a1a1:1,dummy66:1)U3a1a:1,U3a1b:1,(U3a1c1:1,dummy67:1)U3a1c:1)U3a1:1,U3a2:2,U3a3:3)U3a:4,U3c:5)U3a_c:3,((U3b1a:2,U3b1b:2)U3b1:1,((U3b2a1:1,dummy68:1)U3b2a:2,U3b2b:3)U3b2:1,U3b3:1)U3b:4)U3:4,(((((U4a1a1:1,dummy69:1)U4a1a:1,(U4a1b1:1,dummy70:1)U4a1b:2,U4a1c:4,U4a1d:1)U4a1:3,((U4a2a1:1,dummy71:1)U4a2a:1,U4a2b:1,(U4a2c1:5,dummy72:1)U4a2c:1,U4a2d:1,U4a2e:2,U4a2f:4,U4a2g:1,U4a2h:1)U4a2:1,(U4a3a:1,dummy73:1)U4a3:6)U4a:1,(((((U4b1a1a1:2,dummy74:1)U4b1a1a:1,dummy75:1)U4b1a1:2,(U4b1a2a:1,U4b1a2b:2)U4b1a2:4,(U4b1a3a:1,dummy76:1)U4b1a3:4,U4b1a4:3)U4b1a:1,(((U4b1b1a:2,dummy77:1)U4b1b1:1,U4b1b2:4)U4b1b:1,dummy78:1)T146CT152C:1)U4b1:1,((U4b2a1:1,dummy79:1)U4b2a:1,dummy80:1)U4b2:1,U4b3:1)U4b:1,((U4c1a:1,dummy81:1)U4c1:5,(U4c2a:1,dummy82:1)U4c2:2)U4c:1,((((U4d1a1a:1,dummy83:1)U4d1a1:1,dummy84:1)U4d1a:2,U4d1b:1)U4d1:1,U4d2:6,U4d3:2)U4d:2)U4:6,((U9a1:4,dummy85:1)U9a:3,(U9b1:4,dummy86:1)U9b:1)U9:4)U4_9:3,((U7a1:4,U7a2:1,U7a3:1,U7a4:2,U7a5:7)U7a:1,(U7b1:2,dummy87:1)U7b:1)U7:11,(((((U8a1a1a:1,(U8a1a1b1:1,dummy88:1)U8a1a1b:1)U8a1a1:1,U8a1a2:1,U8a1a3:2,U8a1a4:2)U8a1a:4,U8a1b:4)U8a1:1,U8a2:3)U8a:6,((((U8b1a1:3,U8b1a2:1)U8b1a:3,(U8b1b1:1,dummy89:1)U8b1b:3)U8b1:3,(((((K1a1a1:1,((K1a1a2a1:1,dummy90:1)K1a1a2a:2,dummy91:1)K1a1a2:1)K1a1a:1,((K1a1b1a:3,(K1a1b1b1:2,dummy92:1)K1a1b1b:2,K1a1b1c:2,K1a1b1d:3,K1a1b1e:1,K1a1b1f:3,K1a1b1g:2)K1a1b1:1,(((K1a1b2a1a:1,dummy93:1)K1a1b2a1:2,dummy94:1)K1a1b2a:3,K1a1b2b:2)K1a1b2:1)K1a1b:1,K1a1c:4)K1a1:2,((K1a2a1:3,K1a2a2:1)K1a2a:1,K1a2b:1,K1a2c:2)K1a2:1,(((K1a3a1a:3,K1a3a1b:1)K1a3a1:1,K1a3a2:1,K1a3a3:1,K1a3a4:2)K1a3a:1,dummy95:1)K1a3:1,(((((K1a4a1a1:1,K1a4a1a3:1)T195C:1,(K1a4a1a2a:1,K1a4a1a2b:2)K1a4a1a2:1)K1a4a1a:2,(K1a4a1b1:1,K1a4a1b2:2)K1a4a1b:1,K1a4a1c:2,K1a4a1d:1,K1a4a1e:2,(K1a4a1f1:2,dummy96:1)K1a4a1f:3,K1a4a1g:2,K1a4a1h:1,K1a4a1i:2)K1a4a1:2,dummy97:1)K1a4a:1,(K1a4b1:4,dummy98:1)K1a4b:2,(K1a4c1:3,dummy99:1)K1a4c:3,K1a4d:3,K1a4e:1,(K1a4f1:1,dummy100:1)K1a4f:1,K1a4g:2,K1a4h:2)K1a4:1,(K1a5a:3,K1a5b:4)K1a5:1,K1a6:3,K1a7:1,((K1a8a1:1,dummy101:1)K1a8a:2,K1a8b:2)K1a8:1,(K1a9:1,(K1a10a:1,dummy102:1)K1a10:1,(K1a13a:1,dummy103:1)K1a13:3,K1a14:3,K1a15:1,K1a16:1,K1a26:1)T195C:1,(((K1a11a1:1,dummy104:1)K1a11a:2,K1a11b:1)K1a11:5,(K1a24a:4,dummy105:1)K1a24:1,(K1a30a:1,dummy106:1)K1a30:1)C150T:1,(((K1a12a1a:1,dummy107:1)K1a12a1:1,dummy108:1)K1a12a:1,dummy109:1)K1a12:1,(K1a17a:2,dummy110:1)K1a17:3,K1a18:2,(K1a19a:7,dummy111:1)K1a19:1,K1a23:1,K1a25:3,K1a27:2,K1a28:4,(K1a29a:2,dummy112:1)K1a29:1)K1a:2,((((((K1b1a1a:1,K1b1a1b:4)T199C:1,(K1b1a1c1:1,dummy113:1)K1b1a1c:2,K1b1a1d:1)K1b1a1:1,K1b1a2:5)K1b1a:5,(K1b1b1:2,dummy114:1)K1b1b:2)T16093C:1,K1b1c:3)K1b1:3,((((K1b2a1a1:1,dummy115:1)K1b2a1a:1,dummy116:1)K1b2a1:1,(K1b2a2a:1,dummy117:1)K1b2a2:1,K1b2a3:1)K1b2a:1,K1b2b:4)K1b2:3)K1b:1,((K1c1a:1,K1c1b:1,K1c1c:1,K1c1d:3,K1c1e:1,K1c1f:1)K1c1:2,(K1c2a:1,dummy118:1)K1c2:4)K1c:3,((K1d1:1,dummy119:1)K1d:5,(K1e1:4,dummy120:1)K1e:5,K1f:2)T16362C:1)K1:2,(((K2a1a:2,dummy121:1)K2a1:3,((K2a2a1:3,dummy122:1)K2a2a:1,dummy123:1)K2a2:1,((K2a3a1:1,dummy124:1)K2a3a:1,dummy125:1)K2a3:1,K2a4:1,((K2a5a1:2,dummy126:1)K2a5a:1,dummy127:1)K2a5:1,K2a6:1,K2a7:1,K2a8:2,K2a9:2,K2a10:1,K2a11:4)K2a:3,((((K2b1a1a:1,dummy128:1)K2b1a1:1,K2b1a2:1,K2b1a3:1)K2b1a:1,K2b1b:4)K2b1:1,dummy129:1)K2b:3,K2c:1)K2:2,K3:11)K:5)U8b:2,U8c:4)U8b_c:1)U8:1)U2_3_4_7_8_9:1)U:3)R:2)N:5)L3:3)L3_4:5)L3_4_6:2)L2_3_4_6:12)L2_3_4_5_6:5)L1_2_3_4_5_6:8);
